Frame	Time	X	Y	Z	Roll	Pitch	Yaw	Residual	Rot[0]	Rot[1]	Rot[2]	Rot[3]	Rot[4]	Rot[5]	Rot[6]	Rot[7]	Rot[8]	Timestamp
1	0.00000	1970.24013	1030.97963	1004.13089	-1.21839	2.77010	87.49786	1.11182	0.04361	0.99878	-0.02335	-0.99788	0.04467	0.04734	0.04833	0.02124	0.99861	1620850064000
2	0.01000	1970.38480	1030.97975	1004.06581	-1.23714	2.78238	87.51276	1.11161	0.04335	0.99878	-0.02368	-0.99788	0.04443	0.04755	0.04854	0.02156	0.99859	
3	0.02000	1970.32816	1030.97982	1004.02764	-1.18678	2.75119	87.49791	1.10135	0.04361	0.99879	-0.02279	-0.99790	0.04464	0.04704	0.04800	0.02069	0.99863	
4	0.03000	1969.60230	1029.91828	1003.55661	-0.70373	3.02910	87.06631	0.31777	0.05111	0.99858	-0.01497	-0.99729	0.05182	0.05214	0.05284	0.01226	0.99853	
5	0.04000	1969.39424	1029.87578	1003.67455	-0.70784	2.98580	87.07301	0.33743	0.05099	0.99859	-0.01500	-0.99734	0.05170	0.05139	0.05209	0.01234	0.99857	
6	0.05000	1969.38082	1029.85653	1003.63800	-0.68412	2.98739	87.07043	0.33105	0.05104	0.99859	-0.01459	-0.99734	0.05173	0.05143	0.05212	0.01192	0.99857	
7	0.06000	1969.53225	1029.87845	1003.54215	-0.65803	2.98073	87.07004	0.33114	0.05105	0.99860	-0.01413	-0.99734	0.05171	0.05134	0.05200	0.01147	0.99858	
8	0.07000	1969.86781	1029.92110	1003.48853	-0.69215	3.02228	87.07581	0.34284	0.05094	0.99859	-0.01475	-0.99731	0.05165	0.05204	0.05272	0.01206	0.99854	
9	0.08000	1969.80960	1030.21898	1003.85028	-0.71958	2.98795	87.11673	0.29809	0.05023	0.99862	-0.01516	-0.99738	0.05095	0.05142	0.05213	0.01254	0.99856	
10	0.09000	1969.78104	1030.26100	1003.91736	-0.72016	3.06498	87.09465	0.32897	0.05061	0.99860	-0.01526	-0.99729	0.05135	0.05276	0.05347	0.01255	0.99849	
11	0.10000	1969.59171	1030.21279	1003.91486	-0.72307	3.00331	87.09963	0.30899	0.05053	0.99861	-0.01525	-0.99735	0.05126	0.05168	0.05239	0.01260	0.99855	
12	0.11000	1969.57977	1030.24241	1004.01264	-0.66391	3.02387	87.08091	0.36427	0.05085	0.99860	-0.01426	-0.99731	0.05153	0.05209	0.05275	0.01157	0.99854	
13	0.12000	1969.56641	1030.34062	1004.05213	-0.72375	2.86612	87.16227	0.41978	0.04945	0.99866	-0.01509	-0.99752	0.05013	0.04931	0.05000	0.01262	0.99867	
14	0.13000	1969.79217	1030.46208	1004.05423	-0.67178	3.03395	87.06184	0.45987	0.05119	0.99858	-0.01442	-0.99729	0.05187	0.05225	0.05293	0.01171	0.99853	
15	0.14000	1969.86355	1030.40686	1003.96588	-0.74701	2.92652	87.15335	0.41200	0.04960	0.99865	-0.01556	-0.99746	0.05032	0.05034	0.05106	0.01302	0.99861	
16	0.15000	1969.85543	1030.53587	1004.06392	-0.69831	3.03373	87.07880	0.41297	0.05089	0.99859	-0.01487	-0.99730	0.05160	0.05223	0.05292	0.01217	0.99852	
17	0.16000	1969.75811	1030.43386	1004.08949	-0.74799	2.98330	87.15000	0.41074	0.04965	0.99864	-0.01563	-0.99741	0.05040	0.05133	0.05204	0.01304	0.99856	
18	0.17000	1969.65611	1030.42937	1004.08451	-0.73564	2.91976	87.16177	0.42299	0.04945	0.99866	-0.01535	-0.99748	0.05017	0.05023	0.05094	0.01282	0.99862	
19	0.18000	1969.59871	1030.32949	1004.02586	-0.69849	2.99997	87.10561	0.32052	0.05043	0.99862	-0.01482	-0.99736	0.05113	0.05165	0.05234	0.01217	0.99856	
20	0.19000	1969.83328	1030.44664	1004.06047	-0.72310	2.96954	87.16611	0.41593	0.04937	0.99867	-0.01517	-0.99744	0.05009	0.05111	0.05180	0.01260	0.99858	
21	0.20000	1969.89076	1030.47564	1003.97969	-0.70774	2.94684	87.15289	0.43169	0.04961	0.99866	-0.01489	-0.99744	0.05030	0.05073	0.05141	0.01234	0.99860	
22	0.21000	1969.93949	1030.61096	1004.10700	-0.72634	3.03160	87.07664	0.47255	0.05093	0.99858	-0.01536	-0.99730	0.05167	0.05217	0.05289	0.01266	0.99852	
23	0.22000	1969.78592	1030.48931	1004.02928	-0.73172	2.94863	87.15977	0.40865	0.04949	0.99866	-0.01530	-0.99745	0.05020	0.05074	0.05144	0.01275	0.99859	
24	0.23000	1969.58390	1030.37821	1003.95309	-0.74026	2.97979	87.09539	0.30905	0.05060	0.99860	-0.01554	-0.99736	0.05134	0.05126	0.05198	0.01290	0.99856	
25	0.24000	1969.60902	1030.39919	1003.96047	-0.70261	2.99646	87.09985	0.31684	0.05053	0.99861	-0.01489	-0.99735	0.05123	0.05158	0.05227	0.01225	0.99856	
26	0.25000	1969.76264	1030.50799	1004.08019	-0.71337	2.98150	87.12542	0.41877	0.05008	0.99863	-0.01504	-0.99739	0.05079	0.05132	0.05201	0.01243	0.99857	
27	0.26000	1969.91321	1030.65955	1004.07036	-0.63080	3.09184	87.04771	0.45610	0.05143	0.99858	-0.01377	-0.99722	0.05209	0.05329	0.05394	0.01099	0.99848	
28	0.27000	1969.83326	1030.56867	1003.98953	-0.71007	2.93091	87.12473	0.43802	0.05010	0.99863	-0.01494	-0.99743	0.05079	0.05044	0.05113	0.01238	0.99862	
29	0.28000	1969.81053	1030.58250	1004.01712	-0.76772	2.95494	87.14214	0.43023	0.04979	0.99863	-0.01595	-0.99743	0.05054	0.05081	0.05155	0.01338	0.99858	
30	0.29000	1969.72532	1030.55581	1004.08354	-0.72763	2.95707	87.15309	0.46314	0.04960	0.99865	-0.01525	-0.99744	0.05032	0.05089	0.05159	0.01268	0.99859	
31	0.30000	1969.61716	1030.45055	1004.01584	-0.74141	3.04245	87.08863	0.33632	0.05072	0.99859	-0.01562	-0.99730	0.05147	0.05235	0.05308	0.01292	0.99851	
32	0.31000	1969.73183	1030.56631	1004.09919	-0.73983	2.96365	87.13542	0.43512	0.04991	0.99863	-0.01548	-0.99741	0.05064	0.05099	0.05170	0.01289	0.99858	
33	0.32000	1969.87469	1030.68876	1004.09409	-0.69034	3.03213	87.06708	0.43418	0.05110	0.99859	-0.01474	-0.99729	0.05180	0.05221	0.05290	0.01203	0.99853	
34	0.33000	1969.93407	1030.69715	1004.09526	-0.68978	3.04057	87.06425	0.44786	0.05114	0.99858	-0.01474	-0.99728	0.05185	0.05235	0.05304	0.01202	0.99852	
35	0.34000	1969.90577	1030.60206	1003.96917	-0.71804	2.90279	87.14193	0.45276	0.04980	0.99865	-0.01504	-0.99747	0.05049	0.04995	0.05064	0.01252	0.99864	
36	0.35000	1969.69942	1030.48427	1003.96067	-0.69686	3.01051	87.08794	0.33182	0.05073	0.99860	-0.01481	-0.99733	0.05144	0.05183	0.05252	0.01215	0.99855	
37	0.36000	1969.57064	1030.47578	1003.98554	-0.68248	2.98618	87.06136	0.35624	0.05120	0.99858	-0.01457	-0.99733	0.05188	0.05141	0.05210	0.01190	0.99857	
38	0.37000	1969.67663	1030.58389	1004.09678	-0.67841	2.89503	87.14883	0.43723	0.04968	0.99866	-0.01434	-0.99749	0.05034	0.04985	0.05051	0.01183	0.99865	
39	0.38000	1969.80627	1030.61931	1004.01372	-0.74733	2.95992	87.15623	0.43481	0.04955	0.99865	-0.01559	-0.99744	0.05028	0.05092	0.05164	0.01303	0.99858	
40	0.39000	1969.94999	1030.72527	1004.03392	-0.67963	3.07410	87.06722	0.45040	0.05109	0.99859	-0.01459	-0.99725	0.05180	0.05295	0.05363	0.01184	0.99849	
41	0.40000	1970.05362	1030.79940	1004.06174	-0.69264	3.07771	87.06187	0.47008	0.05118	0.99858	-0.01482	-0.99725	0.05190	0.05300	0.05369	0.01207	0.99848	
42	0.41000	1969.81806	1030.67628	1004.00364	-0.68453	2.97204	87.13155	0.45617	0.04998	0.99864	-0.01453	-0.99740	0.05066	0.05118	0.05185	0.01193	0.99858	
43	0.42000	1969.64359	1030.54145	1003.97510	-0.68314	3.00818	87.11015	0.33410	0.05035	0.99863	-0.01455	-0.99735	0.05104	0.05181	0.05248	0.01191	0.99855	
44	0.43000	1969.60669	1030.60247	1004.08940	-0.72530	2.85748	87.15607	0.43481	0.04955	0.99866	-0.01512	-0.99753	0.05024	0.04916	0.04985	0.01264	0.99868	
45	0.44000	1969.71995	1030.62257	1004.05803	-0.74268	2.93729	87.18938	0.44853	0.04897	0.99868	-0.01546	-0.99748	0.04969	0.05054	0.05124	0.01294	0.99860	
46	0.45000	1969.89066	1030.74168	1003.98225	-0.65589	3.05510	87.03896	0.45967	0.05158	0.99857	-0.01418	-0.99725	0.05226	0.05263	0.05330	0.01143	0.99851	
47	0.46000	1970.06169	1030.79051	1004.02580	-0.70394	3.07444	87.09856	0.49440	0.05055	0.99861	-0.01498	-0.99728	0.05127	0.05294	0.05363	0.01227	0.99849	
48	0.47000	1969.94470	1030.76075	1004.09323	-0.73825	3.05893	87.06699	0.42842	0.05110	0.99857	-0.01560	-0.99727	0.05185	0.05263	0.05336	0.01287	0.99849	
49	0.48000	1969.76776	1030.64324	1004.03069	-0.71514	2.96279	87.12284	0.45746	0.05013	0.99863	-0.01506	-0.99740	0.05084	0.05099	0.05169	0.01246	0.99859	
50	0.49000	1969.65487	1030.58985	1004.09199	-0.65626	2.94398	87.12764	0.42196	0.05005	0.99865	-0.01401	-0.99743	0.05070	0.05072	0.05136	0.01144	0.99861	
51	0.50000	1969.63022	1030.52248	1003.98293	-0.69888	3.01207	87.10260	0.35913	0.05048	0.99861	-0.01484	-0.99734	0.05118	0.05186	0.05255	0.01218	0.99854	
52	0.51000	1969.83097	1030.63197	1004.04125	-0.68661	2.94368	87.15245	0.43772	0.04961	0.99866	-0.01452	-0.99745	0.05029	0.05069	0.05135	0.01197	0.99861	
53	0.52000	1970.00156	1030.80037	1004.07180	-0.68668	3.04002	87.07032	0.47650	0.05104	0.99859	-0.01468	-0.99729	0.05174	0.05235	0.05303	0.01197	0.99852	
54	0.53000	1969.97181	1030.79491	1004.05573	-0.68647	3.05304	87.06863	0.49295	0.05107	0.99859	-0.01469	-0.99727	0.05177	0.05257	0.05326	0.01196	0.99851	
55	0.54000	1969.83206	1030.71971	1004.02172	-0.75000	2.98140	87.14687	0.42313	0.04971	0.99864	-0.01566	-0.99741	0.05045	0.05129	0.05201	0.01307	0.99856	
56	0.55000	1969.68303	1030.57665	1004.02274	-0.70009	3.03908	87.08167	0.33246	0.05084	0.99860	-0.01490	-0.99730	0.05156	0.05232	0.05302	0.01220	0.99852	
57	0.56000	1969.71182	1030.74344	1004.11255	-0.74242	2.93401	87.15229	0.42106	0.04962	0.99865	-0.01548	-0.99746	0.05034	0.05047	0.05119	0.01294	0.99861	
58	0.57000	1969.73741	1030.77712	1004.10877	-0.70900	2.92844	87.11808	0.42935	0.05021	0.99863	-0.01493	-0.99743	0.05091	0.05040	0.05109	0.01236	0.99862	
59	0.58000	1969.98039	1030.93518	1004.09404	-0.68514	3.07496	87.05883	0.47615	0.05124	0.99858	-0.01469	-0.99724	0.05195	0.05295	0.05364	0.01194	0.99849	
60	0.59000	1970.00040	1030.98374	1004.06955	-0.68371	3.04869	87.06644	0.48213	0.05111	0.99859	-0.01464	-0.99728	0.05181	0.05250	0.05318	0.01192	0.99851	
61	0.60000	1969.78101	1030.88543	1003.98319	-0.68520	2.97541	87.12127	0.43985	0.05015	0.99864	-0.01455	-0.99739	0.05084	0.05124	0.05191	0.01194	0.99858	
62	0.61000	1969.74081	1030.83021	1004.01939	-0.68958	3.07869	87.06924	0.39522	0.05106	0.99859	-0.01477	-0.99725	0.05177	0.05302	0.05371	0.01202	0.99848	
63	0.62000	1969.72871	1030.85707	1004.06657	-0.68405	3.09630	87.06355	0.38567	0.05115	0.99858	-0.01469	-0.99723	0.05187	0.05333	0.05401	0.01192	0.99847	
64	0.63000	1969.75845	1030.97912	1004.07920	-0.72135	2.95520	87.14524	0.42666	0.04974	0.99865	-0.01514	-0.99743	0.05045	0.05086	0.05156	0.01257	0.99859	
65	0.64000	1969.94551	1031.26733	1004.22805	-0.86853	3.04268	87.12793	0.51345	0.05004	0.99859	-0.01780	-0.99734	0.05090	0.05225	0.05308	0.01514	0.99848	
66	0.65000	1969.98235	1031.23340	1004.06536	-0.63190	3.09435	87.01157	0.52078	0.05206	0.99855	-0.01383	-0.99718	0.05273	0.05333	0.05398	0.01101	0.99848	
67	0.66000	1969.94077	1031.24592	1004.15538	-0.69079	3.07310	87.05263	0.45800	0.05134	0.99857	-0.01480	-0.99724	0.05206	0.05292	0.05361	0.01204	0.99849	
68	0.67000	1969.74722	1031.22568	1004.05781	-0.70905	2.98104	87.12056	0.46261	0.05017	0.99863	-0.01497	-0.99739	0.05087	0.05131	0.05201	0.01236	0.99857	
69	0.68000	1969.70692	1031.16172	1004.07939	-0.70048	3.05245	87.06128	0.39065	0.05120	0.99858	-0.01494	-0.99727	0.05191	0.05255	0.05325	0.01221	0.99851	
70	0.69000	1969.63501	1031.19546	1003.99793	-0.64546	3.03354	87.03219	0.34952	0.05170	0.99856	-0.01399	-0.99726	0.05237	0.05226	0.05292	0.01125	0.99854	
71	0.70000	1969.84228	1031.39528	1004.05550	-0.65973	2.93931	87.10963	0.47907	0.05036	0.99863	-0.01409	-0.99741	0.05101	0.05063	0.05128	0.01150	0.99862	
72	0.71000	1970.02074	1031.73747	1004.22408	-0.84108	3.07353	87.05705	0.52902	0.05127	0.99853	-0.01741	-0.99724	0.05212	0.05279	0.05362	0.01466	0.99845	
73	0.72000	1969.97205	1031.69697	1004.17645	-0.67266	3.05215	87.02206	0.53408	0.05188	0.99855	-0.01449	-0.99723	0.05257	0.05256	0.05324	0.01172	0.99851	
74	0.73000	1969.84387	1031.66722	1004.12131	-0.64469	3.01765	87.07443	0.51366	0.05097	0.99860	-0.01392	-0.99731	0.05163	0.05200	0.05264	0.01124	0.99855	
75	0.74000	1969.60143	1031.62447	1004.03512	-0.66938	3.03262	87.01800	0.36597	0.05195	0.99855	-0.01442	-0.99725	0.05264	0.05222	0.05290	0.01167	0.99853	
76	0.75000	1969.72132	1031.91949	1004.23460	-0.84736	2.97220	87.12595	0.51295	0.05007	0.99859	-0.01737	-0.99740	0.05090	0.05104	0.05185	0.01477	0.99855	
77	0.76000	1969.88290	1032.07791	1004.23338	-0.89023	3.03997	87.10973	0.54411	0.05035	0.99857	-0.01819	-0.99732	0.05124	0.05218	0.05303	0.01551	0.99847	
78	0.77000	1969.90240	1032.16362	1004.15121	-0.62717	3.14176	86.96458	0.53243	0.05287	0.99851	-0.01383	-0.99710	0.05355	0.05415	0.05481	0.01093	0.99844	
79	0.78000	1969.90908	1032.29489	1004.08860	-0.58525	3.08838	86.96826	0.54864	0.05281	0.99852	-0.01305	-0.99715	0.05344	0.05326	0.05388	0.01020	0.99850	
80	0.79000	1969.84399	1032.41514	1004.18616	-0.71623	3.08500	86.96169	0.53326	0.05293	0.99848	-0.01534	-0.99715	0.05367	0.05307	0.05382	0.01248	0.99847	
81	0.80000	1969.53684	1032.32523	1004.07347	-0.71964	3.06621	86.98758	0.38581	0.05248	0.99850	-0.01535	-0.99719	0.05322	0.05275	0.05349	0.01254	0.99849	
82	0.81000	1969.50952	1032.47200	1004.15713	-0.70515	3.07047	86.97804	0.38802	0.05264	0.99850	-0.01511	-0.99718	0.05337	0.05284	0.05356	0.01229	0.99849	
83	0.82000	1969.44873	1032.59915	1004.03868	-0.63412	3.06311	86.94521	0.41522	0.05321	0.99849	-0.01390	-0.99715	0.05388	0.05277	0.05344	0.01105	0.99851	
84	0.83000	1969.68535	1033.07427	1004.29451	-0.82222	3.09017	86.96420	0.52954	0.05288	0.99845	-0.01718	-0.99714	0.05373	0.05307	0.05391	0.01433	0.99844	
85	0.84000	1969.53200	1033.04521	1004.02659	-0.64931	3.23304	86.87415	0.45702	0.05444	0.99841	-0.01439	-0.99692	0.05516	0.05569	0.05640	0.01131	0.99834	
86	0.85000	1969.48145	1033.27208	1004.09243	-0.76118	2.97825	87.02682	0.50983	0.05180	0.99853	-0.01596	-0.99731	0.05255	0.05119	0.05196	0.01327	0.99856	
87	0.86000	1969.34974	1033.48191	1004.14399	-0.70380	3.03614	86.97482	0.54392	0.05270	0.99850	-0.01506	-0.99720	0.05342	0.05224	0.05297	0.01227	0.99852	
88	0.87000	1969.20074	1033.59080	1004.09631	-0.71833	3.14348	86.93941	0.42452	0.05331	0.99846	-0.01545	-0.99707	0.05407	0.05408	0.05484	0.01252	0.99842	
89	0.88000	1969.00237	1033.80459	1004.12655	-0.72382	3.05265	86.91116	0.38126	0.05381	0.99843	-0.01548	-0.99713	0.05455	0.05249	0.05325	0.01261	0.99850	
90	0.89000	1969.03832	1034.14853	1004.13761	-0.71096	3.00366	86.95119	0.50306	0.05311	0.99847	-0.01518	-0.99721	0.05383	0.05166	0.05240	0.01239	0.99855	
91	0.90000	1969.03680	1034.65228	1004.31386	-0.80882	3.11704	86.89586	0.56003	0.05407	0.99839	-0.01704	-0.99706	0.05491	0.05353	0.05438	0.01410	0.99842	
92	0.91000	1968.99204	1034.96986	1004.31266	-0.83249	3.07928	86.88293	0.53667	0.05430	0.99837	-0.01743	-0.99708	0.05515	0.05284	0.05372	0.01451	0.99845	
93	0.92000	1968.67360	1034.91799	1004.03609	-0.67972	3.07425	86.89686	0.38584	0.05406	0.99843	-0.01475	-0.99710	0.05477	0.05291	0.05363	0.01185	0.99849	
94	0.93000	1968.51848	1035.31805	1004.16019	-0.58652	2.95213	86.89178	0.56536	0.05415	0.99845	-0.01301	-0.99720	0.05475	0.05087	0.05150	0.01022	0.99862	
95	0.94000	1968.22937	1035.61378	1004.11758	-0.57060	2.95490	86.89952	0.53938	0.05402	0.99846	-0.01273	-0.99721	0.05460	0.05093	0.05155	0.00995	0.99862	
96	0.95000	1968.28760	1036.06588	1004.23231	-0.58446	3.10799	86.79171	0.56567	0.05588	0.99835	-0.01322	-0.99696	0.05652	0.05356	0.05422	0.01019	0.99848	
97	0.96000	1968.09996	1036.41321	1004.10978	-0.56441	3.11284	86.79778	0.60901	0.05578	0.99836	-0.01287	-0.99697	0.05639	0.05366	0.05430	0.00984	0.99848	
98	0.97000	1968.01802	1036.93388	1004.15154	-0.66134	3.06716	86.79787	0.62033	0.05578	0.99834	-0.01451	-0.99701	0.05647	0.05277	0.05351	0.01153	0.99850	
99	0.98000	1967.75616	1037.14213	1004.13973	-0.56505	3.06941	86.74600	0.62009	0.05668	0.99831	-0.01289	-0.99696	0.05729	0.05290	0.05355	0.00985	0.99852	
100	0.99000	1967.38057	1037.42804	1004.04015	-0.53058	2.95937	86.76775	0.58706	0.05631	0.99834	-0.01216	-0.99708	0.05686	0.05102	0.05163	0.00925	0.99862	
101	1.00000	1967.11893	1037.74389	1004.02405	-0.58094	3.00689	86.75435	0.46020	0.05654	0.99831	-0.01309	-0.99702	0.05715	0.05180	0.05246	0.01013	0.99857	
102	1.01000	1967.06146	1038.31462	1004.16372	-0.63701	2.92276	86.80761	0.65312	0.05562	0.99835	-0.01394	-0.99715	0.05625	0.05029	0.05099	0.01110	0.99864	
103	1.02000	1966.94654	1038.84214	1004.18441	-0.58896	3.06600	86.71109	0.67826	0.05729	0.99827	-0.01333	-0.99692	0.05792	0.05281	0.05349	0.01026	0.99852	
104	1.03000	1966.80536	1039.39544	1004.06090	-0.60016	3.03352	86.64874	0.69409	0.05838	0.99820	-0.01355	-0.99689	0.05901	0.05221	0.05292	0.01046	0.99854	
105	1.04000	1966.51784	1039.80813	1003.94422	-0.64737	2.88552	86.75697	0.68616	0.05650	0.99830	-0.01413	-0.99713	0.05714	0.04962	0.05034	0.01128	0.99867	
106	1.05000	1966.15104	1040.10308	1003.94800	-0.64723	3.09919	86.65140	0.46196	0.05833	0.99819	-0.01443	-0.99683	0.05902	0.05331	0.05406	0.01128	0.99847	
107	1.06000	1965.86585	1040.59242	1004.04421	-0.63069	2.98549	86.71812	0.54738	0.05717	0.99827	-0.01397	-0.99700	0.05782	0.05136	0.05208	0.01099	0.99858	
108	1.07000	1965.50795	1040.96118	1003.94422	-0.63463	3.06598	86.63435	0.43578	0.05862	0.99818	-0.01420	-0.99685	0.05930	0.05274	0.05349	0.01106	0.99851	
109	1.08000	1965.33600	1041.52075	1003.96983	-0.69372	3.01454	86.71449	0.44218	0.05723	0.99825	-0.01510	-0.99697	0.05794	0.05181	0.05259	0.01209	0.99854	
110	1.09000	1965.19846	1042.06303	1003.95713	-0.62863	2.99379	86.68970	0.46609	0.05766	0.99824	-0.01397	-0.99697	0.05831	0.05150	0.05223	0.01096	0.99858	
111	1.10000	1964.99845	1042.66479	1004.03994	-0.56044	3.11824	86.58824	0.54226	0.05942	0.99815	-0.01300	-0.99675	0.06004	0.05372	0.05440	0.00977	0.99847	
112	1.11000	1964.63477	1043.19177	1004.06720	-0.62805	3.08527	86.61355	0.50612	0.05898	0.99816	-0.01412	-0.99681	0.05966	0.05308	0.05382	0.01095	0.99849	
113	1.12000	1964.14015	1043.59829	1003.98836	-0.63600	3.08115	86.65430	0.39638	0.05828	0.99820	-0.01422	-0.99685	0.05895	0.05301	0.05375	0.01108	0.99849	
114	1.13000	1963.64449	1044.14478	1003.96945	-0.59144	3.09801	86.63635	0.40706	0.05859	0.99819	-0.01348	-0.99682	0.05923	0.05334	0.05404	0.01031	0.99849	
115	1.14000	1963.37318	1044.84649	1003.95177	-0.71761	3.10951	86.63401	0.41970	0.05863	0.99816	-0.01569	-0.99681	0.05939	0.05341	0.05424	0.01251	0.99845	
116	1.15000	1963.15923	1045.60417	1003.98730	-0.66435	2.94810	86.69623	0.51566	0.05755	0.99824	-0.01454	-0.99702	0.05822	0.05067	0.05143	0.01158	0.99861	
117	1.16000	1962.84143	1046.24356	1004.00525	-0.62712	2.94303	86.68843	0.46199	0.05769	0.99824	-0.01389	-0.99701	0.05832	0.05062	0.05134	0.01093	0.99862	
118	1.17000	1962.51752	1046.87181	1004.01141	-0.56077	2.96267	86.69287	0.57335	0.05761	0.99826	-0.01275	-0.99700	0.05819	0.05103	0.05169	0.00977	0.99862	
119	1.18000	1962.02004	1047.61635	1004.08067	-0.54467	3.06141	86.56718	0.66929	0.05979	0.99813	-0.01269	-0.99678	0.06038	0.05274	0.05341	0.00949	0.99853	
120	1.19000	1961.42970	1048.12816	1003.99027	-0.60353	2.95783	86.70434	0.59350	0.05741	0.99826	-0.01348	-0.99702	0.05803	0.05091	0.05160	0.01052	0.99861	
121	1.20000	1960.99243	1048.86190	1004.05455	-0.65782	2.90834	86.71259	0.66835	0.05727	0.99826	-0.01437	-0.99707	0.05792	0.04999	0.05074	0.01147	0.99865	
122	1.21000	1960.39412	1049.45156	1003.92229	-0.63513	2.78569	86.71015	0.61872	0.05732	0.99826	-0.01386	-0.99717	0.05792	0.04788	0.04860	0.01107	0.99876	
123	1.22000	1959.95921	1050.16091	1003.86458	-0.62534	2.80544	86.65257	0.53916	0.05832	0.99820	-0.01375	-0.99710	0.05892	0.04822	0.04894	0.01090	0.99874	
124	1.23000	1959.53722	1050.94797	1003.91439	-0.60045	2.95133	86.68082	0.59753	0.05782	0.99824	-0.01344	-0.99700	0.05843	0.05079	0.05149	0.01047	0.99862	
125	1.24000	1958.79509	1051.59408	1003.85412	-0.64869	2.98693	86.64889	0.40030	0.05838	0.99819	-0.01435	-0.99693	0.05904	0.05135	0.05211	0.01131	0.99858	
126	1.25000	1958.10386	1052.29253	1003.74047	-0.68759	2.98770	86.62105	0.32112	0.05886	0.99815	-0.01505	-0.99690	0.05956	0.05132	0.05212	0.01198	0.99857	
127	1.26000	1957.47263	1053.09832	1003.77325	-0.67931	2.95469	86.63957	0.34410	0.05854	0.99817	-0.01486	-0.99695	0.05922	0.05076	0.05155	0.01184	0.99860	
128	1.27000	1956.88630	1053.82396	1003.69707	-0.55966	2.97834	86.56385	0.37278	0.05986	0.99812	-0.01286	-0.99685	0.06044	0.05128	0.05196	0.00975	0.99860	
129	1.28000	1956.38866	1054.78585	1003.85672	-0.75049	3.02358	86.64932	0.46856	0.05837	0.99816	-0.01616	-0.99690	0.05913	0.05189	0.05275	0.01308	0.99852	
130	1.29000	1955.92290	1055.64358	1003.76387	-0.66480	2.84454	86.62544	0.46643	0.05879	0.99816	-0.01450	-0.99704	0.05943	0.04885	0.04963	0.01159	0.99870	
131	1.30000	1955.51084	1056.67667	1003.93669	-0.58746	2.96143	86.50045	0.61449	0.06096	0.99805	-0.01339	-0.99680	0.06157	0.05094	0.05166	0.01024	0.99861	
132	1.31000	1954.51713	1057.34190	1003.73974	-0.64086	2.84449	86.59109	0.47159	0.05939	0.99814	-0.01412	-0.99700	0.06001	0.04887	0.04963	0.01117	0.99871	
133	1.32000	1953.71314	1058.03817	1003.69503	-0.66045	2.93094	86.59142	0.37604	0.05938	0.99813	-0.01455	-0.99693	0.06004	0.05035	0.05113	0.01151	0.99863	
134	1.33000	1953.15650	1059.02821	1003.83070	-0.63391	2.92298	86.61090	0.48854	0.05904	0.99816	-0.01406	-0.99695	0.05968	0.05025	0.05099	0.01105	0.99864	
135	1.34000	1952.68547	1059.98974	1003.87553	-0.80605	2.86880	86.64398	0.56666	0.05847	0.99815	-0.01697	-0.99703	0.05924	0.04913	0.05005	0.01405	0.99865	
136	1.35000	1951.99714	1060.79921	1003.79225	-0.80077	2.93815	86.59295	0.48310	0.05935	0.99809	-0.01700	-0.99692	0.06014	0.05033	0.05126	0.01396	0.99859	
137	1.36000	1951.36219	1061.57195	1003.65115	-0.61872	2.93133	86.55196	0.53944	0.06006	0.99810	-0.01385	-0.99688	0.06069	0.05039	0.05114	0.01078	0.99863	
138	1.37000	1950.62634	1062.47397	1003.77620	-0.59436	3.07984	86.41280	0.49941	0.06248	0.99795	-0.01371	-0.99660	0.06312	0.05297	0.05373	0.01036	0.99850	
139	1.38000	1949.86124	1063.29864	1003.85950	-0.57815	2.93553	86.53177	0.52692	0.06042	0.99809	-0.01317	-0.99686	0.06101	0.05051	0.05121	0.01008	0.99864	
140	1.39000	1949.10868	1064.14017	1003.68203	-0.51957	2.91114	86.52147	0.59483	0.06060	0.99809	-0.01213	-0.99687	0.06113	0.05014	0.05079	0.00906	0.99867	
141	1.40000	1948.56102	1065.01446	1003.66352	-0.58180	2.94728	86.46822	0.55910	0.06152	0.99802	-0.01330	-0.99678	0.06212	0.05069	0.05142	0.01014	0.99863	
142	1.41000	1948.04994	1065.95610	1003.63563	-0.59904	2.86827	86.48520	0.59046	0.06123	0.99803	-0.01350	-0.99687	0.06183	0.04930	0.05004	0.01044	0.99869	
143	1.42000	1947.45881	1066.96893	1003.62306	-0.61301	2.95009	86.40438	0.60153	0.06263	0.99794	-0.01391	-0.99671	0.06326	0.05069	0.05147	0.01068	0.99862	
144	1.43000	1946.88141	1067.81103	1003.71468	-0.69377	2.88179	86.46272	0.56979	0.06162	0.99798	-0.01519	-0.99683	0.06230	0.04943	0.05028	0.01209	0.99866	
145	1.44000	1946.04046	1068.68074	1003.68811	-0.58319	2.91945	86.40854	0.57029	0.06256	0.99795	-0.01335	-0.99674	0.06316	0.05019	0.05093	0.01017	0.99865	
146	1.45000	1945.31433	1069.55204	1003.71956	-0.61612	2.92654	86.37637	0.44537	0.06312	0.99791	-0.01396	-0.99670	0.06375	0.05027	0.05106	0.01074	0.99864	
147	1.46000	1944.82489	1070.52968	1003.66728	-0.53925	2.89019	86.35635	0.53640	0.06347	0.99790	-0.01260	-0.99671	0.06402	0.04972	0.05042	0.00940	0.99868	
148	1.47000	1944.32610	1071.44872	1003.54486	-0.44518	3.08526	86.22514	0.50880	0.06574	0.99777	-0.01130	-0.99638	0.06625	0.05319	0.05382	0.00776	0.99852	
149	1.48000	1944.05562	1072.51345	1003.62995	-0.51659	3.00101	86.26747	0.63976	0.06501	0.99781	-0.01240	-0.99651	0.06557	0.05165	0.05235	0.00900	0.99859	
150	1.49000	1943.46079	1073.30867	1003.64286	-0.51416	3.03897	86.26822	0.66139	0.06499	0.99781	-0.01240	-0.99648	0.06556	0.05232	0.05302	0.00896	0.99855	
151	1.50000	1942.65581	1073.99585	1003.51676	-0.53038	2.87628	86.34879	0.60526	0.06360	0.99790	-0.01243	-0.99671	0.06414	0.04949	0.05018	0.00925	0.99870	
152	1.51000	1942.06720	1074.78993	1003.65928	-0.60909	2.87707	86.32104	0.62502	0.06408	0.99785	-0.01383	-0.99668	0.06469	0.04940	0.05019	0.01062	0.99868	
153	1.52000	1941.45268	1075.54375	1003.52920	-0.59153	2.80744	86.34364	0.54549	0.06370	0.99788	-0.01343	-0.99677	0.06427	0.04822	0.04898	0.01031	0.99875	
154	1.53000	1941.03842	1076.30556	1003.44414	-0.60786	2.90298	86.26614	0.42593	0.06504	0.99779	-0.01388	-0.99660	0.06565	0.04984	0.05064	0.01060	0.99866	
155	1.54000	1940.60769	1077.12418	1003.39003	-0.61676	2.89479	86.28730	0.41437	0.06467	0.99781	-0.01401	-0.99663	0.06529	0.04970	0.05050	0.01075	0.99867	
156	1.55000	1940.20615	1078.03580	1003.56848	-0.72552	2.96510	86.30425	0.47127	0.06437	0.99780	-0.01597	-0.99658	0.06511	0.05080	0.05173	0.01265	0.99858	
157	1.56000	1939.50565	1078.88059	1003.55664	-0.80962	3.02053	86.33108	0.47241	0.06390	0.99780	-0.01747	-0.99656	0.06473	0.05168	0.05269	0.01411	0.99851	
158	1.57000	1938.82395	1079.66013	1003.55854	-0.81669	2.98383	86.35993	0.50000	0.06340	0.99783	-0.01753	-0.99663	0.06422	0.05104	0.05205	0.01423	0.99854	
159	1.58000	1938.16914	1080.39373	1003.45060	-0.56560	2.97443	86.26997	0.36730	0.06497	0.99780	-0.01323	-0.99654	0.06556	0.05114	0.05189	0.00986	0.99860	
160	1.59000	1937.72595	1081.30297	1003.55029	-0.51591	3.04850	86.21400	0.40367	0.06594	0.99775	-0.01250	-0.99641	0.06651	0.05247	0.05318	0.00899	0.99854	
161	1.60000	1937.41069	1082.20372	1003.63685	-0.55750	3.00561	86.26674	0.52927	0.06502	0.99780	-0.01312	-0.99651	0.06562	0.05169	0.05243	0.00972	0.99858	
162	1.61000	1936.88893	1083.03865	1003.52898	-0.78098	2.78540	86.36503	0.50033	0.06332	0.99785	-0.01668	-0.99681	0.06405	0.04763	0.04860	0.01361	0.99873	
163	1.62000	1936.23208	1083.60133	1003.43863	-0.63350	2.80725	86.28270	0.45944	0.06476	0.99780	-0.01421	-0.99670	0.06537	0.04815	0.04898	0.01104	0.99874	
164	1.63000	1935.62797	1084.25577	1003.55908	-0.61462	2.79728	86.32526	0.49113	0.06402	0.99785	-0.01383	-0.99675	0.06461	0.04801	0.04880	0.01071	0.99875	
165	1.64000	1935.08330	1084.89432	1003.68615	-0.64136	2.79879	86.36568	0.55406	0.06331	0.99789	-0.01427	-0.99680	0.06393	0.04802	0.04883	0.01118	0.99874	
166	1.65000	1934.42535	1085.48420	1003.64685	-0.63082	3.02517	86.25007	0.48005	0.06531	0.99776	-0.01444	-0.99647	0.06598	0.05194	0.05277	0.01099	0.99855	
167	1.66000	1933.89739	1086.28271	1003.68686	-0.60875	3.01481	86.34287	0.58458	0.06370	0.99787	-0.01396	-0.99658	0.06434	0.05181	0.05259	0.01061	0.99856	
168	1.67000	1933.32366	1086.88807	1003.76366	-0.72481	2.99520	86.39953	0.51538	0.06271	0.99790	-0.01591	-0.99666	0.06345	0.05135	0.05225	0.01263	0.99855	
169	1.68000	1932.70573	1087.45716	1003.64991	-0.75319	2.88328	86.51511	0.54165	0.06071	0.99802	-0.01618	-0.99689	0.06144	0.04941	0.05030	0.01313	0.99865	
170	1.69000	1931.99936	1087.92743	1003.56454	-0.56226	2.92104	86.45296	0.48982	0.06179	0.99801	-0.01295	-0.99679	0.06236	0.05025	0.05096	0.00980	0.99865	
171	1.70000	1931.23030	1088.39572	1003.51896	-0.65518	3.04194	86.41589	0.42723	0.06243	0.99794	-0.01473	-0.99664	0.06312	0.05224	0.05307	0.01142	0.99853	
172	1.71000	1930.64703	1089.04844	1003.55226	-0.59387	3.06941	86.27882	0.57023	0.06481	0.99780	-0.01382	-0.99646	0.06545	0.05276	0.05355	0.01035	0.99851	
173	1.72000	1930.10188	1089.71929	1003.69748	-0.58527	3.02796	86.36044	0.68823	0.06339	0.99790	-0.01355	-0.99659	0.06401	0.05207	0.05282	0.01020	0.99855	
174	1.73000	1929.66528	1090.22708	1003.76185	-0.67587	3.01440	86.39284	0.67240	0.06283	0.99791	-0.01508	-0.99664	0.06353	0.05174	0.05259	0.01178	0.99855	
175	1.74000	1928.90540	1090.73427	1003.70750	-0.60385	2.98248	86.39735	0.65848	0.06275	0.99793	-0.01379	-0.99667	0.06338	0.05126	0.05203	0.01052	0.99859	
176	1.75000	1928.18358	1091.14200	1003.69918	-0.64037	2.84598	86.54420	0.61700	0.06020	0.99809	-0.01415	-0.99695	0.06083	0.04888	0.04965	0.01116	0.99870	
177	1.76000	1927.32701	1091.41825	1003.59668	-0.64468	2.90948	86.58557	0.40658	0.05948	0.99813	-0.01425	-0.99694	0.06012	0.04999	0.05076	0.01124	0.99865	
178	1.77000	1926.72844	1092.03289	1003.61281	-0.66508	2.80914	86.68453	0.54678	0.05776	0.99823	-0.01442	-0.99713	0.05840	0.04825	0.04901	0.01159	0.99873	
179	1.78000	1925.86096	1092.25371	1003.47976	-0.62928	2.90531	86.66015	0.32555	0.05818	0.99821	-0.01392	-0.99702	0.05881	0.04996	0.05069	0.01097	0.99865	
180	1.79000	1925.45657	1092.93543	1003.71716	-0.58059	2.96528	86.64133	0.41941	0.05851	0.99820	-0.01315	-0.99695	0.05911	0.05105	0.05173	0.01012	0.99861	
181	1.80000	1924.80763	1093.47213	1003.81209	-0.78984	2.98357	86.73991	0.51354	0.05679	0.99825	-0.01672	-0.99703	0.05758	0.05118	0.05205	0.01377	0.99855	
182	1.81000	1923.99055	1093.81201	1003.70708	-0.82050	2.91797	86.78613	0.46528	0.05599	0.99828	-0.01715	-0.99713	0.05679	0.05002	0.05091	0.01430	0.99860	
183	1.82000	1923.29233	1094.24445	1003.67445	-0.76234	2.96165	86.79897	0.48889	0.05576	0.99831	-0.01617	-0.99711	0.05652	0.05084	0.05167	0.01329	0.99858	
184	1.83000	1922.38536	1094.70528	1003.71438	-0.72695	3.01777	86.81467	0.51422	0.05549	0.99834	-0.01559	-0.99707	0.05623	0.05186	0.05265	0.01267	0.99853	
185	1.84000	1921.49084	1095.01436	1003.57347	-0.59108	2.93933	86.80196	0.45995	0.05571	0.99836	-0.01316	-0.99713	0.05631	0.05062	0.05128	0.01030	0.99863	
186	1.85000	1920.96902	1095.62808	1003.62068	-0.55633	3.05929	86.73152	0.46119	0.05693	0.99830	-0.01274	-0.99695	0.05753	0.05273	0.05337	0.00970	0.99853	
187	1.86000	1920.36841	1096.39556	1003.79303	-0.72882	2.95966	86.88058	0.52901	0.05434	0.99840	-0.01551	-0.99719	0.05507	0.05086	0.05163	0.01270	0.99859	
188	1.87000	1919.64610	1096.92129	1003.85283	-0.75061	3.00875	86.94722	0.53235	0.05318	0.99846	-0.01588	-0.99720	0.05394	0.05171	0.05249	0.01308	0.99854	
189	1.88000	1918.78942	1097.33862	1003.75346	-0.81710	2.96372	86.97779	0.50216	0.05265	0.99847	-0.01697	-0.99727	0.05345	0.05087	0.05170	0.01424	0.99856	
190	1.89000	1917.93792	1097.88323	1003.77347	-0.63557	2.83134	87.01231	0.53332	0.05206	0.99855	-0.01365	-0.99742	0.05267	0.04875	0.04940	0.01108	0.99872	
191	1.90000	1917.04478	1098.40998	1003.67857	-0.69947	3.11921	86.93016	0.51024	0.05347	0.99845	-0.01510	-0.99709	0.05421	0.05368	0.05441	0.01219	0.99844	
192	1.91000	1916.28991	1099.01795	1003.69297	-0.72531	2.93341	87.12007	0.50900	0.05018	0.99862	-0.01521	-0.99743	0.05089	0.05047	0.05118	0.01264	0.99861	
193	1.92000	1915.48844	1099.63874	1003.67017	-0.74029	2.86289	87.14461	0.52410	0.04975	0.99864	-0.01539	-0.99751	0.05046	0.04924	0.04995	0.01290	0.99867	
194	1.93000	1914.80147	1100.27383	1003.65126	-0.68316	2.85781	87.17741	0.50955	0.04918	0.99869	-0.01436	-0.99754	0.04983	0.04921	0.04986	0.01191	0.99869	
195	1.94000	1913.87924	1100.96742	1003.63819	-0.59027	2.80477	87.18977	0.53706	0.04897	0.99872	-0.01269	-0.99760	0.04953	0.04837	0.04893	0.01029	0.99875	
196	1.95000	1913.01504	1101.60910	1003.67796	-0.55899	2.82067	87.17719	0.46075	0.04919	0.99872	-0.01217	-0.99758	0.04972	0.04867	0.04921	0.00974	0.99874	
197	1.96000	1912.17038	1102.26839	1003.71125	-0.64135	2.81488	87.20957	0.48157	0.04862	0.99872	-0.01357	-0.99761	0.04923	0.04850	0.04911	0.01118	0.99873	
198	1.97000	1911.29923	1102.92480	1003.74458	-0.69020	2.86809	87.24405	0.48432	0.04802	0.99874	-0.01444	-0.99759	0.04868	0.04940	0.05004	0.01203	0.99867	
199	1.98000	1910.57112	1103.69877	1003.83301	-0.82989	2.92356	87.30724	0.51816	0.04692	0.99876	-0.01686	-0.99760	0.04771	0.05026	0.05100	0.01447	0.99859	
200	1.99000	1909.72985	1104.42943	1003.80792	-0.78587	3.06343	87.27905	0.52272	0.04740	0.99874	-0.01624	-0.99745	0.04820	0.05273	0.05344	0.01370	0.99848	
201	2.00000	1908.88871	1105.10445	1003.78778	-0.78982	3.09508	87.33497	0.57419	0.04643	0.99879	-0.01628	-0.99746	0.04724	0.05329	0.05399	0.01376	0.99845	
202	2.01000	1907.87984	1105.55978	1003.64956	-0.66085	3.10798	87.28260	0.47865	0.04734	0.99878	-0.01409	-0.99741	0.04803	0.05361	0.05422	0.01152	0.99846	
203	2.02000	1906.97419	1106.25084	1003.71427	-0.76824	2.84949	87.47346	0.45847	0.04403	0.99891	-0.01559	-0.99779	0.04474	0.04907	0.04971	0.01339	0.99867	
204	2.03000	1906.00414	1106.88882	1003.62861	-0.70264	2.81976	87.45152	0.44270	0.04441	0.99891	-0.01444	-0.99780	0.04506	0.04860	0.04919	0.01225	0.99871	
205	2.04000	1905.17731	1107.53631	1003.65866	-0.72180	2.82899	87.44758	0.45099	0.04448	0.99890	-0.01478	-0.99779	0.04515	0.04874	0.04936	0.01258	0.99870	
206	2.05000	1904.46929	1108.40326	1003.82704	-0.84864	2.89338	87.46487	0.47150	0.04418	0.99888	-0.01703	-0.99775	0.04497	0.04977	0.05048	0.01479	0.99862	
207	2.06000	1903.69176	1108.96265	1003.78624	-0.64745	2.93600	87.44737	0.53261	0.04448	0.99892	-0.01357	-0.99770	0.04511	0.05066	0.05122	0.01128	0.99862	
208	2.07000	1902.69662	1109.53474	1003.66171	-0.64462	2.82116	87.59411	0.56141	0.04193	0.99903	-0.01331	-0.99791	0.04253	0.04870	0.04922	0.01124	0.99872	
209	2.08000	1901.76082	1110.13344	1003.71302	-0.61004	2.85080	87.57793	0.45185	0.04221	0.99903	-0.01274	-0.99787	0.04279	0.04924	0.04974	0.01063	0.99871	
210	2.09000	1900.98253	1110.81736	1003.80360	-0.64342	3.00658	87.52438	0.47633	0.04313	0.99898	-0.01348	-0.99769	0.04378	0.05191	0.05245	0.01121	0.99856	
211	2.10000	1900.01927	1111.41401	1003.83639	-0.80206	3.18652	87.53108	0.45804	0.04301	0.99894	-0.01638	-0.99753	0.04385	0.05493	0.05559	0.01398	0.99836	
212	2.11000	1899.27570	1112.09678	1003.74118	-0.78222	3.16676	87.50294	0.58619	0.04350	0.99892	-0.01605	-0.99752	0.04432	0.05459	0.05524	0.01363	0.99838	
213	2.12000	1898.53379	1112.82040	1003.86215	-0.81336	3.06121	87.57877	0.61640	0.04219	0.99897	-0.01644	-0.99768	0.04300	0.05275	0.05340	0.01418	0.99847	
214	2.13000	1897.53193	1113.34032	1003.78350	-0.89022	2.81935	87.81005	0.54555	0.03817	0.99912	-0.01740	-0.99806	0.03897	0.04855	0.04919	0.01552	0.99867	
215	2.14000	1896.55309	1113.86526	1003.76610	-0.73317	2.97729	87.72327	0.50703	0.03967	0.99910	-0.01485	-0.99786	0.04039	0.05139	0.05194	0.01278	0.99857	
216	2.15000	1895.49779	1114.29169	1003.67041	-0.72662	2.85383	87.78359	0.37788	0.03863	0.99915	-0.01460	-0.99801	0.03930	0.04926	0.04979	0.01267	0.99868	
217	2.16000	1894.49028	1114.90951	1003.55433	-0.70005	2.87371	87.79798	0.33863	0.03837	0.99916	-0.01414	-0.99800	0.03903	0.04962	0.05013	0.01220	0.99867	
218	2.17000	1893.65309	1115.62692	1003.66400	-0.79317	2.97913	87.81985	0.41213	0.03799	0.99915	-0.01581	-0.99793	0.03876	0.05140	0.05197	0.01382	0.99855	
219	2.18000	1892.99338	1116.35323	1003.72604	-0.82097	2.89245	87.91633	0.43187	0.03631	0.99921	-0.01615	-0.99807	0.03708	0.04990	0.05046	0.01431	0.99862	
220	2.19000	1892.36176	1117.11771	1003.86636	-0.85716	2.98889	87.89094	0.51417	0.03675	0.99918	-0.01687	-0.99796	0.03758	0.05155	0.05214	0.01494	0.99853	
221	2.20000	1891.39590	1117.73959	1003.85329	-0.81398	2.96375	87.94578	0.49478	0.03580	0.99923	-0.01605	-0.99802	0.03658	0.05116	0.05170	0.01419	0.99856	
222	2.21000	1890.19003	1118.03879	1003.58494	-0.65329	2.93799	87.94933	0.33477	0.03574	0.99927	-0.01323	-0.99805	0.03637	0.05081	0.05126	0.01139	0.99862	
223	2.22000	1889.30971	1118.77156	1003.73518	-0.70051	2.82239	88.01453	0.47662	0.03460	0.99930	-0.01392	-0.99819	0.03524	0.04878	0.04924	0.01221	0.99871	
224	2.23000	1888.36009	1119.38237	1003.71881	-0.64180	2.84848	88.02895	0.49351	0.03435	0.99933	-0.01290	-0.99817	0.03495	0.04928	0.04969	0.01119	0.99870	
225	2.24000	1887.47405	1120.10920	1003.67875	-0.62515	2.99038	87.97785	0.48521	0.03524	0.99930	-0.01274	-0.99802	0.03585	0.05175	0.05217	0.01090	0.99858	
226	2.25000	1886.79932	1120.88150	1003.78141	-0.81953	3.00465	88.05336	0.51673	0.03392	0.99930	-0.01608	-0.99805	0.03471	0.05190	0.05242	0.01428	0.99852	
227	2.26000	1886.02602	1121.56818	1003.72265	-0.88340	3.04229	88.14013	0.52503	0.03241	0.99933	-0.01713	-0.99806	0.03327	0.05254	0.05307	0.01540	0.99847	
228	2.27000	1884.95479	1121.93836	1003.57779	-0.93461	2.96805	88.24188	0.46969	0.03064	0.99937	-0.01789	-0.99819	0.03152	0.05125	0.05178	0.01629	0.99853	
229	2.28000	1883.91399	1122.57224	1003.65733	-0.91655	2.88314	88.28664	0.47504	0.02986	0.99940	-0.01749	-0.99829	0.03070	0.04979	0.05030	0.01598	0.99861	
230	2.29000	1883.03891	1123.19828	1003.73387	-0.88481	2.89847	88.27460	0.46370	0.03007	0.99940	-0.01696	-0.99827	0.03089	0.05007	0.05057	0.01542	0.99860	
231	2.30000	1882.19363	1123.82468	1003.67711	-0.71964	2.79275	88.28474	0.43902	0.02990	0.99945	-0.01401	-0.99836	0.03054	0.04832	0.04872	0.01254	0.99873	
232	2.31000	1881.46814	1124.58255	1003.72582	-0.84622	2.80729	88.33618	0.46847	0.02900	0.99945	-0.01618	-0.99838	0.02975	0.04852	0.04898	0.01475	0.99869	
233	2.32000	1880.66875	1125.12911	1003.59761	-0.63956	2.82479	88.30279	0.47700	0.02958	0.99948	-0.01262	-0.99835	0.03017	0.04893	0.04928	0.01115	0.99872	
234	2.33000	1879.75632	1125.76140	1003.67534	-0.66490	3.06655	88.21980	0.44098	0.03102	0.99943	-0.01326	-0.99809	0.03168	0.05311	0.05350	0.01159	0.99850	
235	2.34000	1878.80371	1126.38267	1003.65351	-0.64658	3.05068	88.25818	0.42647	0.03035	0.99946	-0.01290	-0.99812	0.03099	0.05285	0.05322	0.01127	0.99852	
236	2.35000	1877.69870	1126.90565	1003.65041	-0.73487	2.99002	88.37502	0.35501	0.02832	0.99950	-0.01430	-0.99824	0.02902	0.05177	0.05216	0.01281	0.99856	
237	2.36000	1876.92084	1127.68659	1003.78731	-0.81954	2.92507	88.49129	0.49696	0.02629	0.99953	-0.01564	-0.99835	0.02706	0.05063	0.05103	0.01428	0.99859	
238	2.37000	1876.10474	1128.41417	1003.75870	-0.86192	2.84772	88.51369	0.50634	0.02591	0.99953	-0.01633	-0.99843	0.02668	0.04927	0.04968	0.01502	0.99865	
239	2.38000	1875.35024	1129.15315	1003.79642	-0.79221	2.98352	88.46538	0.53358	0.02674	0.99953	-0.01522	-0.99829	0.02750	0.05165	0.05205	0.01381	0.99855	
240	2.39000	1874.39268	1129.65471	1003.65411	-0.79516	2.97061	88.45514	0.42973	0.02692	0.99952	-0.01527	-0.99829	0.02768	0.05143	0.05182	0.01386	0.99856	
241	2.40000	1873.46406	1130.21476	1003.70080	-0.71359	2.83489	88.58485	0.42303	0.02467	0.99960	-0.01367	-0.99847	0.02531	0.04913	0.04946	0.01244	0.99870	
242	2.41000	1872.43262	1130.78016	1003.68384	-0.83735	2.92786	88.58588	0.46887	0.02465	0.99957	-0.01587	-0.99839	0.02542	0.05070	0.05108	0.01459	0.99859	
243	2.42000	1871.60804	1131.42658	1003.72312	-0.84804	2.90749	88.59747	0.45122	0.02444	0.99957	-0.01604	-0.99841	0.02522	0.05034	0.05072	0.01478	0.99860	
244	2.43000	1870.94091	1132.07468	1003.75559	-0.90945	2.91022	88.64948	0.49295	0.02354	0.99958	-0.01706	-0.99843	0.02437	0.05038	0.05077	0.01585	0.99858	
245	2.44000	1870.26455	1132.85811	1003.89997	-0.86761	2.93199	88.64204	0.50505	0.02367	0.99959	-0.01635	-0.99841	0.02447	0.05077	0.05115	0.01512	0.99858	
246	2.45000	1869.47262	1133.39862	1003.81741	-0.73194	2.99591	88.60754	0.47539	0.02427	0.99961	-0.01404	-0.99834	0.02497	0.05193	0.05226	0.01276	0.99855	
247	2.46000	1868.47731	1133.96255	1003.74122	-0.68925	2.86730	88.66357	0.44552	0.02329	0.99964	-0.01319	-0.99848	0.02392	0.04973	0.05002	0.01201	0.99868	
248	2.47000	1867.58353	1134.57246	1003.81716	-0.59296	3.05886	88.51679	0.52164	0.02585	0.99960	-0.01173	-0.99824	0.02643	0.05307	0.05336	0.01033	0.99852	
249	2.48000	1866.60891	1135.17545	1003.82314	-0.64220	2.77659	88.75271	0.43715	0.02174	0.99969	-0.01226	-0.99859	0.02231	0.04818	0.04844	0.01120	0.99876	
250	2.49000	1865.79875	1135.87203	1003.90434	-0.65747	2.92819	88.68064	0.48710	0.02300	0.99966	-0.01265	-0.99843	0.02361	0.05080	0.05108	0.01146	0.99863	
251	2.50000	1865.01332	1136.50428	1003.78633	-0.63492	2.93898	88.68858	0.50295	0.02286	0.99966	-0.01225	-0.99842	0.02345	0.05100	0.05127	0.01107	0.99862	
252	2.51000	1864.01225	1136.98117	1003.58240	-0.78086	2.91370	88.77509	0.32181	0.02135	0.99966	-0.01471	-0.99848	0.02207	0.05052	0.05083	0.01361	0.99861	
253	2.52000	1863.10821	1137.63565	1003.73139	-0.74132	2.93017	88.80923	0.37997	0.02075	0.99969	-0.01400	-0.99848	0.02144	0.05083	0.05112	0.01292	0.99861	
254	2.53000	1862.18022	1138.21993	1003.71459	-0.69550	3.00027	88.82681	0.38137	0.02045	0.99970	-0.01321	-0.99842	0.02111	0.05208	0.05234	0.01212	0.99856	
255	2.54000	1861.38743	1138.89974	1003.77274	-0.68472	3.00085	88.83488	0.41794	0.02031	0.99971	-0.01301	-0.99842	0.02096	0.05209	0.05235	0.01193	0.99856	
256	2.55000	1860.61018	1139.61914	1003.82016	-0.82575	2.98996	88.87844	0.48693	0.01955	0.99969	-0.01543	-0.99845	0.02032	0.05186	0.05216	0.01439	0.99853	
257	2.56000	1860.02060	1140.36943	1003.93265	-0.90091	2.80783	88.95138	0.46726	0.01828	0.99969	-0.01662	-0.99863	0.01907	0.04868	0.04899	0.01570	0.99868	
258	2.57000	1859.09314	1140.91711	1003.76898	-0.81604	2.88866	88.87016	0.37742	0.01969	0.99969	-0.01523	-0.99854	0.02043	0.05010	0.05040	0.01422	0.99863	
259	2.58000	1858.19979	1141.56668	1003.81098	-0.70069	2.78906	88.91294	0.41183	0.01895	0.99973	-0.01315	-0.99864	0.01957	0.04841	0.04866	0.01221	0.99874	
