Frame	Time	X	Y	Z	Roll	Pitch	Yaw	Residual	Rot[0]	Rot[1]	Rot[2]	Rot[3]	Rot[4]	Rot[5]	Rot[6]	Rot[7]	Rot[8]	Timestamp
1	0.00000	793.74550	3443.17479	994.59965	-2.85925	-0.00205	179.50972	0.38732	-0.99996	0.00854	-0.00046	-0.00856	-0.99872	0.04988	-0.00004	0.04988	0.99876	1620811911
2	0.01000	793.37313	3442.88267	994.73722	-2.76518	0.14209	179.78046	0.53718	-0.99999	0.00395	0.00229	-0.00383	-0.99883	0.04825	0.00248	0.04824	0.99883	
3	0.02000	792.60186	3443.20321	995.27003	-2.94715	-0.66632	179.63925	1.28823	-0.99991	0.00569	-0.01194	-0.00630	-0.99866	0.05134	-0.01163	0.05141	0.99861	
4	0.03000	792.80655	3442.49603	994.93933	-2.91080	-0.19339	179.28236	0.88279	-0.99992	0.01234	-0.00401	-0.01252	-0.99863	0.05073	-0.00338	0.05078	0.99870	
5	0.04000	793.96601	3443.20688	994.33872	-2.84405	-0.00751	179.52856	0.39931	-0.99997	0.00821	-0.00054	-0.00823	-0.99873	0.04961	-0.00013	0.04962	0.99877	
6	0.05000	793.85254	3443.17862	994.55022	-2.78129	-0.03121	179.51311	0.38630	-0.99996	0.00846	-0.00096	-0.00850	-0.99879	0.04852	-0.00054	0.04852	0.99882	
7	0.06000	793.68372	3443.14985	994.56091	-2.83751	0.01406	179.54320	0.40083	-0.99997	0.00798	-0.00015	-0.00797	-0.99874	0.04950	0.00025	0.04950	0.99877	
8	0.07000	793.84223	3443.17530	994.55740	-2.82115	-0.03224	179.52763	0.37046	-0.99997	0.00821	-0.00097	-0.00824	-0.99875	0.04921	-0.00056	0.04922	0.99879	
9	0.08000	794.94129	3446.22156	992.62648	-2.67009	0.02148	179.62959	0.59728	-0.99998	0.00648	0.00007	-0.00646	-0.99889	0.04659	0.00037	0.04658	0.99891	
10	0.09000	791.23187	3442.19525	995.18551	-2.75183	-0.03310	179.66525	0.60288	-0.99998	0.00581	-0.00086	-0.00584	-0.99883	0.04801	-0.00058	0.04801	0.99885	
11	0.10000	791.96049	3442.07293	995.27200	-2.85663	-0.05433	179.75606	0.57391	-0.99999	0.00421	-0.00116	-0.00426	-0.99875	0.04983	-0.00095	0.04984	0.99876	
12	0.11000	791.59882	3442.08246	995.15587	-2.83086	-0.05187	179.66199	0.58919	-0.99998	0.00585	-0.00120	-0.00590	-0.99876	0.04938	-0.00091	0.04939	0.99878	
13	0.12000	792.15923	3442.42054	994.95885	-2.98998	0.17272	179.79111	0.82967	-0.99999	0.00380	0.00282	-0.00365	-0.99863	0.05217	0.00301	0.05216	0.99863	
14	0.13000	791.84647	3442.19403	995.20933	-2.86654	0.11644	179.87245	0.65156	-1.00000	0.00233	0.00192	-0.00223	-0.99875	0.05001	0.00203	0.05001	0.99875	
15	0.14000	791.50972	3441.97284	995.33949	-2.86271	-0.01876	179.77464	0.51024	-0.99999	0.00391	-0.00052	-0.00393	-0.99874	0.04994	-0.00033	0.04994	0.99875	
16	0.15000	791.53700	3441.95281	995.39389	-2.88273	-0.05714	179.75427	0.45953	-0.99999	0.00423	-0.00121	-0.00429	-0.99873	0.05029	-0.00100	0.05029	0.99873	
17	0.16000	791.64944	3441.96942	995.26834	-2.88535	-0.04001	179.77560	0.47486	-0.99999	0.00388	-0.00089	-0.00392	-0.99872	0.05033	-0.00070	0.05034	0.99873	
18	0.17000	791.50521	3441.99897	995.19914	-2.86339	-0.03615	179.64053	0.53967	-0.99998	0.00623	-0.00094	-0.00627	-0.99873	0.04995	-0.00063	0.04995	0.99875	
19	0.18000	791.72074	3441.97352	995.16201	-2.87176	-0.07452	179.77008	0.44460	-0.99999	0.00394	-0.00150	-0.00401	-0.99874	0.05010	-0.00130	0.05010	0.99874	
20	0.19000	791.67864	3441.94278	995.23288	-2.86862	-0.03402	179.77213	0.44186	-0.99999	0.00394	-0.00079	-0.00398	-0.99874	0.05004	-0.00059	0.05005	0.99875	
21	0.20000	791.50895	3441.89710	995.42643	-2.83159	-0.08925	179.77521	0.44994	-0.99999	0.00384	-0.00175	-0.00392	-0.99877	0.04939	-0.00156	0.04940	0.99878	
22	0.21000	791.31081	3441.86376	995.50744	-2.84114	-0.14674	179.62918	0.52788	-0.99998	0.00634	-0.00288	-0.00647	-0.99875	0.04955	-0.00256	0.04957	0.99877	
23	0.22000	791.39949	3441.88373	995.49958	-2.87214	-0.10091	179.75418	0.47420	-0.99999	0.00420	-0.00197	-0.00429	-0.99874	0.05010	-0.00176	0.05011	0.99874	
24	0.23000	791.54487	3441.88383	995.35793	-2.86013	-0.05806	179.77205	0.44136	-0.99999	0.00392	-0.00121	-0.00398	-0.99875	0.04989	-0.00101	0.04990	0.99875	
25	0.24000	791.71159	3441.90413	995.16768	-2.86185	-0.02996	179.76900	0.40730	-0.99999	0.00400	-0.00072	-0.00403	-0.99874	0.04993	-0.00052	0.04993	0.99875	
26	0.25000	792.04850	3441.99601	995.02789	-2.89073	0.12171	179.83844	0.74287	-0.99999	0.00292	0.00198	-0.00282	-0.99872	0.05044	0.00212	0.05043	0.99873	
27	0.26000	791.53751	3441.88789	995.28012	-2.87669	-0.00006	179.76292	0.44904	-0.99999	0.00413	-0.00021	-0.00414	-0.99873	0.05019	-0.00000	0.05019	0.99874	
28	0.27000	791.48516	3441.80588	995.36407	-2.83953	0.01294	179.64894	0.63511	-0.99998	0.00613	-0.00008	-0.00613	-0.99875	0.04954	0.00023	0.04954	0.99877	
29	0.28000	791.43163	3441.82612	995.45829	-2.88254	-0.09167	179.73946	0.42152	-0.99999	0.00446	-0.00183	-0.00455	-0.99872	0.05028	-0.00160	0.05029	0.99873	
30	0.29000	791.77629	3442.11283	995.41663	-2.81836	0.00445	179.57608	0.41361	-0.99997	0.00739	-0.00029	-0.00740	-0.99876	0.04917	0.00008	0.04917	0.99879	
31	0.30000	791.84837	3442.11159	995.37503	-2.84282	-0.00672	179.56415	0.40460	-0.99997	0.00759	-0.00049	-0.00761	-0.99874	0.04959	-0.00012	0.04960	0.99877	
32	0.31000	792.06079	3442.30204	995.14158	-2.90191	-0.14355	179.42987	0.65153	-0.99995	0.00981	-0.00301	-0.00995	-0.99867	0.05060	-0.00251	0.05063	0.99871	
33	0.32000	792.02819	3442.28280	995.26385	-2.92629	-0.15026	179.39880	0.66335	-0.99994	0.01035	-0.00315	-0.01049	-0.99864	0.05102	-0.00262	0.05105	0.99869	
34	0.33000	791.98570	3442.07929	995.41440	-2.85796	0.05087	179.51819	0.40117	-0.99996	0.00844	0.00047	-0.00841	-0.99872	0.04987	0.00089	0.04986	0.99876	
35	0.34000	791.68987	3442.08613	995.49776	-2.80163	-0.03647	179.56937	0.36567	-0.99997	0.00748	-0.00100	-0.00752	-0.99878	0.04887	-0.00064	0.04888	0.99880	
36	0.35000	791.96767	3442.05515	995.38372	-2.83993	0.09783	179.54774	0.37347	-0.99997	0.00797	0.00131	-0.00789	-0.99874	0.04956	0.00171	0.04955	0.99877	
37	0.36000	791.83207	3442.12976	995.31568	-2.85136	0.03575	179.55519	0.38724	-0.99997	0.00778	0.00024	-0.00776	-0.99873	0.04975	0.00062	0.04975	0.99876	
38	0.37000	792.10866	3442.27672	995.06810	-2.88021	-0.15208	179.40523	0.62836	-0.99994	0.01023	-0.00317	-0.01038	-0.99868	0.05022	-0.00265	0.05025	0.99873	
39	0.38000	792.24483	3442.19789	995.13416	-2.87804	-0.08558	179.43347	0.64813	-0.99995	0.00980	-0.00199	-0.00989	-0.99869	0.05019	-0.00149	0.05021	0.99874	
40	0.39000	791.76270	3442.09496	995.43275	-2.81922	-0.01587	179.55760	0.36754	-0.99997	0.00770	-0.00066	-0.00772	-0.99876	0.04918	-0.00028	0.04918	0.99879	
41	0.40000	791.67217	3442.10365	995.51951	-2.83740	-0.02748	179.55067	0.38217	-0.99997	0.00781	-0.00087	-0.00784	-0.99874	0.04950	-0.00048	0.04950	0.99877	
42	0.41000	791.68675	3442.10092	995.52654	-2.89464	-0.00102	179.52003	0.37284	-0.99996	0.00837	-0.00044	-0.00838	-0.99869	0.05050	-0.00002	0.05050	0.99872	
43	0.42000	792.03062	3442.03482	995.38778	-2.83066	0.05505	179.51164	0.34843	-0.99996	0.00856	0.00054	-0.00852	-0.99874	0.04939	0.00096	0.04938	0.99878	
44	0.43000	791.96345	3442.09774	995.29685	-2.85637	-0.01939	179.53937	0.37142	-0.99997	0.00801	-0.00074	-0.00804	-0.99873	0.04983	-0.00034	0.04983	0.99876	
45	0.44000	792.15788	3442.25357	995.10589	-2.91167	-0.14435	179.41919	0.68137	-0.99995	0.01000	-0.00303	-0.01014	-0.99866	0.05077	-0.00252	0.05080	0.99871	
46	0.45000	791.91999	3442.29374	995.13297	-2.90504	-0.18638	179.32295	0.62141	-0.99992	0.01164	-0.00385	-0.01182	-0.99865	0.05064	-0.00325	0.05068	0.99871	
47	0.46000	791.73450	3442.07393	995.53965	-2.83729	-0.01952	179.51463	0.37000	-0.99996	0.00844	-0.00076	-0.00847	-0.99874	0.04950	-0.00034	0.04950	0.99877	
48	0.47000	791.62043	3442.09375	995.58708	-2.83393	-0.03740	179.54449	0.37480	-0.99997	0.00791	-0.00104	-0.00795	-0.99875	0.04943	-0.00065	0.04944	0.99878	
49	0.48000	791.72872	3442.05071	995.45160	-2.79901	-0.01691	179.57175	0.35854	-0.99997	0.00745	-0.00066	-0.00747	-0.99878	0.04883	-0.00030	0.04883	0.99881	
50	0.49000	791.83058	3442.09957	995.31970	-2.83130	0.02471	179.53363	0.35030	-0.99997	0.00815	0.00003	-0.00814	-0.99875	0.04940	0.00043	0.04940	0.99878	
51	0.50000	791.91990	3442.10496	995.24712	-2.85305	-0.00734	179.56357	0.35109	-0.99997	0.00760	-0.00051	-0.00762	-0.99873	0.04977	-0.00013	0.04977	0.99876	
52	0.51000	792.11038	3442.27427	995.14336	-2.92694	-0.13647	179.41571	0.64206	-0.99995	0.01006	-0.00290	-0.01020	-0.99864	0.05104	-0.00238	0.05106	0.99869	
53	0.52000	791.88286	3442.08364	995.30268	-2.87116	0.01962	179.55453	0.28643	-0.99997	0.00778	-0.00005	-0.00777	-0.99871	0.05009	0.00034	0.05009	0.99874	
54	0.53000	791.71355	3442.05546	995.58665	-2.81802	-0.00125	179.54517	0.38875	-0.99997	0.00793	-0.00041	-0.00794	-0.99876	0.04916	-0.00002	0.04916	0.99879	
55	0.54000	791.65666	3442.05982	995.56043	-2.80942	0.00971	179.57983	0.37540	-0.99997	0.00733	-0.00019	-0.00733	-0.99877	0.04901	0.00017	0.04901	0.99880	
56	0.55000	791.63833	3442.05370	995.53058	-2.81492	0.00895	179.54842	0.34698	-0.99997	0.00788	-0.00023	-0.00788	-0.99876	0.04911	0.00016	0.04911	0.99879	
57	0.56000	791.98931	3442.02806	995.36907	-2.83856	0.05050	179.54893	0.42198	-0.99997	0.00791	0.00049	-0.00787	-0.99874	0.04953	0.00088	0.04952	0.99877	
58	0.57000	792.18091	3442.24094	995.08159	-2.87454	-0.19270	179.42984	0.65651	-0.99994	0.00977	-0.00386	-0.00995	-0.99869	0.05011	-0.00336	0.05015	0.99874	
59	0.58000	791.98854	3442.24862	995.16792	-2.84992	-0.16719	179.29416	0.67315	-0.99992	0.01216	-0.00353	-0.01232	-0.99869	0.04968	-0.00292	0.04972	0.99876	
60	0.59000	791.74979	3442.08367	995.38475	-2.85553	0.00351	179.57031	0.33300	-0.99997	0.00749	-0.00031	-0.00750	-0.99873	0.04982	0.00006	0.04982	0.99876	
61	0.60000	791.67715	3442.04301	995.49302	-2.80078	-0.02304	179.41615	0.40260	-0.99995	0.01016	-0.00090	-0.01019	-0.99875	0.04886	-0.00040	0.04886	0.99881	
62	0.61000	791.53676	3442.05926	995.52287	-2.80302	-0.03145	179.42450	0.40762	-0.99995	0.01001	-0.00104	-0.01004	-0.99875	0.04889	-0.00055	0.04890	0.99880	
63	0.62000	791.86086	3442.06327	995.36832	-2.84445	0.00431	179.55444	0.36064	-0.99997	0.00777	-0.00031	-0.00778	-0.99874	0.04962	0.00008	0.04962	0.99877	
64	0.63000	791.84620	3442.05798	995.34258	-2.84515	0.04244	179.54486	0.40270	-0.99997	0.00797	0.00035	-0.00794	-0.99874	0.04964	0.00074	0.04964	0.99877	
65	0.64000	792.09188	3442.23751	995.17542	-2.89204	-0.18016	179.43097	0.65355	-0.99995	0.00976	-0.00364	-0.00993	-0.99868	0.05042	-0.00314	0.05045	0.99872	
66	0.65000	791.83443	3442.08388	995.36850	-2.80183	-0.01957	179.57315	0.34886	-0.99997	0.00742	-0.00071	-0.00745	-0.99878	0.04888	-0.00034	0.04888	0.99880	
67	0.66000	791.88906	3442.01545	995.44531	-2.81766	-0.01072	179.54926	0.31236	-0.99997	0.00785	-0.00057	-0.00787	-0.99876	0.04915	-0.00019	0.04916	0.99879	
68	0.67000	791.74160	3442.03641	995.46688	-2.80601	0.00613	179.56252	0.35941	-0.99997	0.00763	-0.00027	-0.00764	-0.99877	0.04895	0.00011	0.04895	0.99880	
69	0.68000	791.73159	3442.02198	995.46916	-2.85130	0.00612	179.54097	0.37660	-0.99997	0.00801	-0.00029	-0.00801	-0.99873	0.04974	0.00011	0.04974	0.99876	
70	0.69000	791.67681	3442.06317	995.35104	-2.81527	0.03094	179.44012	0.37330	-0.99995	0.00979	0.00006	-0.00977	-0.99875	0.04912	0.00054	0.04912	0.99879	
71	0.70000	791.88040	3442.06149	995.30365	-2.81169	0.03216	179.56660	0.35678	-0.99997	0.00758	0.00019	-0.00756	-0.99877	0.04906	0.00056	0.04905	0.99880	
72	0.71000	792.06404	3442.19324	995.18003	-2.85285	-0.18414	179.43362	0.63796	-0.99995	0.00971	-0.00370	-0.00988	-0.99871	0.04974	-0.00321	0.04977	0.99876	
73	0.72000	791.80680	3442.05459	995.43104	-2.82373	0.02036	179.55853	0.36829	-0.99997	0.00771	-0.00002	-0.00771	-0.99876	0.04926	0.00036	0.04926	0.99879	
74	0.73000	791.76397	3442.04803	995.49034	-2.82227	0.00486	179.54382	0.34191	-0.99997	0.00796	-0.00031	-0.00796	-0.99876	0.04924	0.00008	0.04924	0.99879	
75	0.74000	791.86672	3441.99861	995.50330	-2.82297	0.02488	179.53104	0.38761	-0.99997	0.00820	0.00003	-0.00819	-0.99875	0.04925	0.00043	0.04925	0.99879	
76	0.75000	792.02458	3441.99409	995.34277	-2.84322	0.10811	179.51534	0.38936	-0.99996	0.00854	0.00146	-0.00846	-0.99873	0.04962	0.00189	0.04960	0.99877	
77	0.76000	791.86487	3442.05007	995.30240	-2.91012	0.04330	179.51218	0.36608	-0.99996	0.00854	0.00032	-0.00851	-0.99867	0.05077	0.00076	0.05077	0.99871	
78	0.77000	791.95390	3442.24959	995.22615	-2.87996	-0.11200	179.29376	0.67644	-0.99992	0.01221	-0.00257	-0.01233	-0.99866	0.05022	-0.00195	0.05024	0.99874	
79	0.78000	791.77627	3442.05737	995.48150	-2.84920	0.04939	179.54959	0.34301	-0.99997	0.00789	0.00047	-0.00786	-0.99873	0.04971	0.00086	0.04971	0.99876	
80	0.79000	791.77270	3442.04774	995.42646	-2.81158	0.02941	179.55940	0.35288	-0.99997	0.00771	0.00014	-0.00769	-0.99877	0.04905	0.00051	0.04905	0.99880	
81	0.80000	791.70542	3442.01709	995.49019	-2.85418	0.07283	179.54993	0.34911	-0.99997	0.00791	0.00088	-0.00786	-0.99873	0.04980	0.00127	0.04979	0.99876	
82	0.81000	791.97497	3442.01023	995.38711	-2.88017	0.06174	179.49940	0.35800	-0.99996	0.00878	0.00064	-0.00874	-0.99870	0.05025	0.00108	0.05025	0.99874	
83	0.82000	791.72901	3442.07217	995.32108	-2.81336	-0.01529	179.43173	0.35601	-0.99995	0.00989	-0.00075	-0.00992	-0.99875	0.04908	-0.00027	0.04908	0.99879	
84	0.83000	791.92150	3442.06169	995.30579	-2.85375	0.00626	179.52260	0.36052	-0.99997	0.00833	-0.00031	-0.00833	-0.99873	0.04979	0.00011	0.04979	0.99876	
85	0.84000	792.01698	3442.18720	995.18534	-2.91435	-0.17157	179.43394	0.62126	-0.99995	0.00971	-0.00349	-0.00988	-0.99866	0.05081	-0.00299	0.05084	0.99870	
86	0.85000	791.77101	3442.02904	995.49133	-2.81813	0.01723	179.55356	0.34851	-0.99997	0.00780	-0.00008	-0.00779	-0.99876	0.04917	0.00030	0.04917	0.99879	
87	0.86000	791.67191	3442.01360	995.52671	-2.81510	-0.01629	179.57663	0.36019	-0.99997	0.00737	-0.00065	-0.00739	-0.99877	0.04911	-0.00028	0.04911	0.99879	
88	0.87000	791.68185	3442.00966	995.56199	-2.83797	-0.07326	179.53091	0.37941	-0.99997	0.00811	-0.00168	-0.00819	-0.99874	0.04950	-0.00128	0.04951	0.99877	
89	0.88000	791.88552	3442.06306	995.33419	-2.85146	0.03401	179.53426	0.35728	-0.99997	0.00815	0.00019	-0.00813	-0.99873	0.04975	0.00059	0.04975	0.99876	
90	0.89000	791.93662	3442.05384	995.30256	-2.86386	0.01224	179.52722	0.29934	-0.99997	0.00825	-0.00020	-0.00825	-0.99872	0.04996	0.00021	0.04996	0.99875	
91	0.90000	791.91414	3442.03420	995.33037	-2.84021	0.00499	179.55618	0.36753	-0.99997	0.00774	-0.00030	-0.00775	-0.99874	0.04955	0.00009	0.04955	0.99877	
92	0.91000	791.84480	3442.02048	995.36873	-2.85242	0.08376	179.39400	0.41930	-0.99994	0.01064	0.00093	-0.01058	-0.99870	0.04978	0.00146	0.04976	0.99876	
93	0.92000	791.58466	3442.02873	995.61001	-2.85211	-0.01796	179.54736	0.36777	-0.99997	0.00787	-0.00071	-0.00790	-0.99873	0.04975	-0.00031	0.04976	0.99876	
94	0.93000	791.78218	3441.96776	995.54714	-2.85956	0.00983	179.51881	0.35183	-0.99996	0.00840	-0.00025	-0.00840	-0.99872	0.04989	0.00017	0.04989	0.99875	
95	0.94000	791.70808	3441.99132	995.46054	-2.82164	-0.02437	179.56357	0.38355	-0.99997	0.00759	-0.00080	-0.00762	-0.99876	0.04922	-0.00043	0.04923	0.99879	
96	0.95000	791.86856	3442.04148	995.27294	-2.85234	0.04455	179.51920	0.32704	-0.99996	0.00842	0.00036	-0.00839	-0.99873	0.04977	0.00078	0.04976	0.99876	
97	0.96000	792.34768	3442.14091	995.02632	-2.90833	-0.09524	179.39456	0.57419	-0.99994	0.01047	-0.00220	-0.01057	-0.99866	0.05072	-0.00166	0.05074	0.99871	
98	0.97000	792.10765	3442.17236	995.11963	-2.90655	-0.09750	179.25529	0.61677	-0.99991	0.01289	-0.00236	-0.01300	-0.99863	0.05068	-0.00170	0.05071	0.99871	
99	0.98000	791.75458	3442.03159	995.50499	-2.81329	0.00622	179.55576	0.39822	-0.99997	0.00775	-0.00027	-0.00775	-0.99876	0.04908	0.00011	0.04908	0.99879	
100	0.99000	791.62900	3442.00285	995.57795	-2.84066	-0.05769	179.54300	0.32625	-0.99997	0.00792	-0.00140	-0.00798	-0.99874	0.04955	-0.00101	0.04956	0.99877	
101	1.00000	791.71053	3441.99752	995.51822	-2.81192	-0.00499	179.55733	0.36397	-0.99997	0.00771	-0.00047	-0.00773	-0.99877	0.04906	-0.00009	0.04906	0.99880	
102	1.01000	791.79277	3442.02056	995.39693	-2.82367	0.03322	179.56793	0.41643	-0.99997	0.00756	0.00021	-0.00754	-0.99876	0.04927	0.00058	0.04926	0.99879	
103	1.02000	791.68760	3442.06816	995.29395	-2.88057	-0.00748	179.40062	0.36785	-0.99995	0.01044	-0.00066	-0.01046	-0.99868	0.05025	-0.00013	0.05025	0.99874	
104	1.03000	792.12337	3442.18252	995.12825	-2.93845	-0.14999	179.42569	0.62015	-0.99995	0.00988	-0.00313	-0.01002	-0.99864	0.05123	-0.00262	0.05126	0.99868	
105	1.04000	792.06090	3442.18314	995.19750	-2.93365	-0.14256	179.42931	0.63756	-0.99995	0.00982	-0.00299	-0.00996	-0.99864	0.05115	-0.00249	0.05118	0.99869	
106	1.05000	791.71197	3442.01644	995.53660	-2.87655	0.00803	179.51846	0.37877	-0.99996	0.00840	-0.00028	-0.00840	-0.99870	0.05018	0.00014	0.05018	0.99874	
107	1.06000	791.64762	3442.00101	995.57943	-2.81825	-0.00503	179.55182	0.38357	-0.99997	0.00781	-0.00047	-0.00782	-0.99876	0.04917	-0.00009	0.04917	0.99879	
108	1.07000	791.66689	3442.00700	995.53253	-2.81246	-0.02738	179.55754	0.40749	-0.99997	0.00769	-0.00086	-0.00772	-0.99877	0.04906	-0.00048	0.04907	0.99880	
109	1.08000	791.81815	3442.02487	995.35232	-2.85359	0.02923	179.55202	0.37830	-0.99997	0.00783	0.00012	-0.00782	-0.99873	0.04979	0.00051	0.04978	0.99876	
110	1.09000	792.09681	3442.17455	995.17729	-2.85249	-0.19010	179.41164	0.61105	-0.99994	0.01009	-0.00382	-0.01027	-0.99871	0.04973	-0.00332	0.04976	0.99876	
111	1.10000	792.11590	3442.16186	995.15999	-2.89967	-0.11526	179.41484	0.61117	-0.99995	0.01010	-0.00253	-0.01021	-0.99867	0.05056	-0.00201	0.05059	0.99872	
112	1.11000	791.78254	3442.03127	995.42995	-2.86246	0.01787	179.53784	0.37395	-0.99997	0.00807	-0.00009	-0.00807	-0.99872	0.04994	0.00031	0.04994	0.99875	
113	1.12000	791.65505	3442.00723	995.57721	-2.83528	0.01665	179.54785	0.39154	-0.99997	0.00790	-0.00010	-0.00789	-0.99874	0.04947	0.00029	0.04946	0.99878	
114	1.13000	791.57159	3442.01758	995.56517	-2.82214	-0.01187	179.41486	0.39321	-0.99995	0.01019	-0.00071	-0.01021	-0.99874	0.04923	-0.00021	0.04924	0.99879	
115	1.14000	791.76414	3441.99696	995.46643	-2.80755	0.04230	179.54163	0.39547	-0.99997	0.00803	0.00035	-0.00800	-0.99877	0.04899	0.00074	0.04898	0.99880	
116	1.15000	791.85800	3442.00201	995.31006	-2.88263	0.05911	179.50850	0.39921	-0.99996	0.00862	0.00060	-0.00858	-0.99870	0.05030	0.00103	0.05029	0.99873	
117	1.16000	792.07666	3442.17422	995.17397	-2.93121	-0.15109	179.43037	0.61710	-0.99995	0.00979	-0.00314	-0.00994	-0.99864	0.05111	-0.00264	0.05114	0.99869	
118	1.17000	791.81741	3442.04552	995.34507	-2.86679	-0.01096	179.53578	0.32584	-0.99997	0.00808	-0.00060	-0.00810	-0.99872	0.05001	-0.00019	0.05001	0.99875	
119	1.18000	791.79182	3441.99999	995.49332	-2.82477	0.02564	179.53357	0.35807	-0.99997	0.00815	0.00005	-0.00814	-0.99875	0.04928	0.00045	0.04928	0.99878	
120	1.19000	791.69897	3442.01893	995.49381	-2.83777	-0.06997	179.54280	0.36063	-0.99997	0.00791	-0.00161	-0.00798	-0.99874	0.04950	-0.00122	0.04951	0.99877	
121	1.20000	791.67277	3442.00069	995.52004	-2.88619	-0.02146	179.54305	0.39581	-0.99997	0.00795	-0.00078	-0.00798	-0.99870	0.05035	-0.00037	0.05035	0.99873	
122	1.21000	791.80676	3442.02809	995.40105	-2.84610	0.01600	179.53893	0.36540	-0.99997	0.00805	-0.00012	-0.00805	-0.99873	0.04965	0.00028	0.04965	0.99877	
123	1.22000	792.05989	3442.17463	995.18475	-2.92080	-0.16943	179.41342	0.65018	-0.99994	0.01007	-0.00347	-0.01024	-0.99865	0.05092	-0.00296	0.05096	0.99870	
124	1.23000	791.85216	3442.18874	995.19346	-2.87772	-0.18290	179.30742	0.61489	-0.99992	0.01191	-0.00379	-0.01209	-0.99867	0.05016	-0.00319	0.05020	0.99873	
125	1.24000	791.80363	3442.00805	995.46598	-2.84578	-0.01078	179.52985	0.35038	-0.99997	0.00819	-0.00060	-0.00821	-0.99873	0.04964	-0.00019	0.04965	0.99877	
126	1.25000	791.70053	3442.00280	995.57006	-2.83781	-0.01135	179.52365	0.36105	-0.99997	0.00829	-0.00061	-0.00831	-0.99874	0.04951	-0.00020	0.04951	0.99877	
127	1.26000	791.69829	3441.99842	995.54511	-2.81330	0.01434	179.54457	0.33920	-0.99997	0.00795	-0.00014	-0.00795	-0.99876	0.04908	0.00025	0.04908	0.99879	
128	1.27000	791.80483	3442.00420	995.44476	-2.79570	0.02746	179.54776	0.36928	-0.99997	0.00791	0.00009	-0.00789	-0.99878	0.04878	0.00048	0.04877	0.99881	
129	1.28000	791.88259	3442.03654	995.37349	-2.86774	-0.01241	179.55206	0.36065	-0.99997	0.00780	-0.00061	-0.00782	-0.99872	0.05003	-0.00022	0.05003	0.99875	
130	1.29000	791.88256	3442.00013	995.34184	-2.82816	0.04968	179.39006	0.46690	-0.99994	0.01068	0.00034	-0.01065	-0.99872	0.04935	0.00087	0.04934	0.99878	
131	1.30000	791.85155	3442.00892	995.44359	-2.77529	0.01762	179.55681	0.38559	-0.99997	0.00774	-0.00007	-0.00774	-0.99880	0.04842	0.00031	0.04842	0.99883	
132	1.31000	791.73921	3442.01225	995.51662	-2.81475	-0.01436	179.54828	0.35837	-0.99997	0.00786	-0.00064	-0.00788	-0.99876	0.04910	-0.00025	0.04911	0.99879	
133	1.32000	791.86619	3441.92795	995.54036	-2.84033	-0.01623	179.51680	0.32711	-0.99996	0.00841	-0.00070	-0.00843	-0.99874	0.04955	-0.00028	0.04955	0.99877	
134	1.33000	791.90185	3441.95768	995.46128	-2.83656	0.04312	179.50105	0.38012	-0.99996	0.00873	0.00032	-0.00871	-0.99874	0.04949	0.00075	0.04949	0.99877	
135	1.34000	791.97596	3441.93774	995.39164	-2.80734	0.02573	179.53188	0.35853	-0.99997	0.00818	0.00005	-0.00817	-0.99877	0.04898	0.00045	0.04898	0.99880	
136	1.35000	792.01911	3442.01665	995.38352	-2.82321	0.02640	179.47018	0.31169	-0.99996	0.00926	0.00000	-0.00925	-0.99874	0.04926	0.00046	0.04925	0.99879	
137	1.36000	791.97363	3442.00010	995.40608	-2.84282	0.00593	179.48213	0.33460	-0.99996	0.00903	-0.00034	-0.00904	-0.99873	0.04960	0.00010	0.04960	0.99877	
138	1.37000	791.76579	3442.01074	995.46563	-2.84634	0.01782	179.53900	0.35892	-0.99997	0.00805	-0.00009	-0.00805	-0.99873	0.04966	0.00031	0.04966	0.99877	
139	1.38000	791.55695	3442.00815	995.53219	-2.79969	-0.02196	179.43808	0.40803	-0.99995	0.00978	-0.00086	-0.00981	-0.99876	0.04884	-0.00038	0.04884	0.99881	
140	1.39000	791.70600	3441.96930	995.42335	-2.84386	0.09465	179.54460	0.39751	-0.99997	0.00802	0.00126	-0.00795	-0.99874	0.04963	0.00165	0.04961	0.99877	
141	1.40000	791.80786	3442.00344	995.37795	-2.84314	0.02989	179.53676	0.38685	-0.99997	0.00810	0.00012	-0.00809	-0.99874	0.04960	0.00052	0.04960	0.99877	
142	1.41000	791.83418	3442.01534	995.33542	-2.84273	-0.03226	179.52733	0.31557	-0.99997	0.00821	-0.00097	-0.00825	-0.99874	0.04959	-0.00056	0.04959	0.99877	
143	1.42000	791.84944	3442.03093	995.29938	-2.84316	0.01228	179.52698	0.38714	-0.99997	0.00826	-0.00020	-0.00826	-0.99873	0.04960	0.00021	0.04960	0.99877	
144	1.43000	791.98994	3442.14785	995.23811	-2.90709	-0.20513	179.43468	0.64491	-0.99994	0.00967	-0.00408	-0.00987	-0.99867	0.05068	-0.00358	0.05072	0.99871	
145	1.44000	791.70630	3441.96613	995.54829	-2.83973	0.00318	179.54219	0.38649	-0.99997	0.00798	-0.00034	-0.00799	-0.99874	0.04954	0.00006	0.04954	0.99877	
146	1.45000	791.61072	3441.99612	995.60859	-2.85886	0.00388	179.54370	0.39343	-0.99997	0.00796	-0.00033	-0.00796	-0.99872	0.04987	0.00007	0.04988	0.99876	
147	1.46000	791.75945	3441.98511	995.45712	-2.84533	0.04599	179.54390	0.35169	-0.99997	0.00799	0.00041	-0.00796	-0.99874	0.04964	0.00080	0.04964	0.99877	
148	1.47000	791.84980	3442.01487	995.38050	-2.86195	0.00868	179.52974	0.37415	-0.99997	0.00820	-0.00026	-0.00821	-0.99872	0.04993	0.00015	0.04993	0.99875	
149	1.48000	791.91634	3442.04620	995.29082	-2.87958	0.04091	179.52495	0.31965	-0.99997	0.00832	0.00030	-0.00829	-0.99870	0.05024	0.00071	0.05024	0.99874	
150	1.49000	792.04479	3442.14291	995.25310	-2.91373	-0.12826	179.41866	0.64694	-0.99995	0.01002	-0.00275	-0.01015	-0.99866	0.05081	-0.00224	0.05083	0.99870	
151	1.50000	791.85177	3441.95166	995.52262	-2.85774	-0.00246	179.50941	0.38349	-0.99996	0.00855	-0.00047	-0.00856	-0.99872	0.04985	-0.00004	0.04986	0.99876	
152	1.51000	791.64446	3441.94538	995.60114	-2.81175	-0.02041	179.54543	0.36590	-0.99997	0.00791	-0.00074	-0.00793	-0.99876	0.04905	-0.00036	0.04905	0.99880	
153	1.52000	791.64654	3441.96965	995.59088	-2.82232	-0.02641	179.54807	0.37290	-0.99997	0.00786	-0.00085	-0.00789	-0.99876	0.04923	-0.00046	0.04924	0.99879	
154	1.53000	791.81104	3441.98455	995.44279	-2.82922	0.03676	179.55127	0.38214	-0.99997	0.00785	0.00025	-0.00783	-0.99875	0.04936	0.00064	0.04936	0.99878	
155	1.54000	792.01892	3441.98289	995.34306	-2.82840	0.03390	179.47305	0.29118	-0.99996	0.00921	0.00014	-0.00920	-0.99874	0.04935	0.00059	0.04934	0.99878	
156	1.55000	791.90538	3442.01679	995.35141	-2.85852	0.05366	179.53453	0.34842	-0.99997	0.00816	0.00053	-0.00812	-0.99872	0.04988	0.00094	0.04987	0.99876	
157	1.56000	791.99939	3442.16119	995.24419	-2.89914	-0.16585	179.43288	0.65826	-0.99995	0.00974	-0.00339	-0.00990	-0.99867	0.05055	-0.00289	0.05058	0.99872	
158	1.57000	791.72183	3442.01911	995.47901	-2.84310	-0.01917	179.54716	0.35660	-0.99997	0.00788	-0.00073	-0.00790	-0.99874	0.04960	-0.00033	0.04960	0.99877	
159	1.58000	791.67538	3441.96708	995.59222	-2.85332	-0.01622	179.54659	0.37107	-0.99997	0.00789	-0.00068	-0.00791	-0.99873	0.04978	-0.00028	0.04978	0.99876	
160	1.59000	791.69788	3441.97664	995.51971	-2.86821	-0.04725	179.54665	0.37136	-0.99997	0.00786	-0.00122	-0.00791	-0.99872	0.05003	-0.00082	0.05004	0.99875	
161	1.60000	791.78431	3441.96386	995.45169	-2.82428	-0.00292	179.54640	0.37154	-0.99997	0.00790	-0.00044	-0.00792	-0.99875	0.04927	-0.00005	0.04927	0.99879	
162	1.61000	792.04899	3441.94538	995.31188	-2.83350	0.04739	179.52969	0.35231	-0.99997	0.00824	0.00042	-0.00821	-0.99874	0.04944	0.00083	0.04943	0.99878	
163	1.62000	791.97087	3442.12177	995.27697	-2.91885	-0.12097	179.43666	0.66770	-0.99995	0.00971	-0.00261	-0.00983	-0.99866	0.05090	-0.00211	0.05092	0.99870	
164	1.63000	791.98848	3441.95008	995.40227	-2.83501	0.09477	179.51855	0.39131	-0.99996	0.00847	0.00124	-0.00840	-0.99874	0.04947	0.00165	0.04946	0.99877	
165	1.64000	791.59237	3442.02110	995.48576	-2.79679	0.00403	179.44682	0.38308	-0.99995	0.00965	-0.00040	-0.00965	-0.99876	0.04879	0.00007	0.04879	0.99881	
166	1.65000	791.73801	3441.98301	995.46129	-2.81110	0.00456	179.56422	0.34518	-0.99997	0.00760	-0.00029	-0.00761	-0.99877	0.04904	0.00008	0.04904	0.99880	
167	1.66000	791.78141	3441.96511	995.48780	-2.82055	0.02907	179.53838	0.35708	-0.99997	0.00807	0.00011	-0.00806	-0.99876	0.04921	0.00051	0.04921	0.99879	
168	1.67000	792.05946	3441.96114	995.34539	-2.87885	0.03798	179.51073	0.35864	-0.99996	0.00856	0.00023	-0.00854	-0.99870	0.05023	0.00066	0.05022	0.99874	
169	1.68000	792.04908	3442.13941	995.23377	-2.93487	-0.10819	179.42671	0.61112	-0.99995	0.00990	-0.00240	-0.01001	-0.99864	0.05118	-0.00189	0.05120	0.99869	
170	1.69000	791.96359	3442.11886	995.29821	-2.90834	-0.16184	179.42496	0.63960	-0.99995	0.00988	-0.00333	-0.01004	-0.99866	0.05071	-0.00282	0.05074	0.99871	
171	1.70000	791.79040	3441.94064	995.60189	-2.82079	-0.01172	179.52431	0.37965	-0.99997	0.00828	-0.00061	-0.00830	-0.99875	0.04921	-0.00020	0.04921	0.99879	
172	1.71000	791.66823	3441.98305	995.58548	-2.83620	-0.00733	179.53827	0.38315	-0.99997	0.00804	-0.00053	-0.00806	-0.99874	0.04948	-0.00013	0.04948	0.99878	
173	1.72000	791.88187	3441.94443	995.47696	-2.85899	0.02454	179.51427	0.35965	-0.99996	0.00849	0.00000	-0.00848	-0.99872	0.04988	0.00043	0.04988	0.99876	
174	1.73000	792.04880	3441.93260	995.27606	-2.84538	0.08753	179.52638	0.34361	-0.99996	0.00833	0.00112	-0.00827	-0.99873	0.04965	0.00153	0.04964	0.99877	
175	1.74000	791.91939	3442.00691	995.32398	-2.82509	-0.00839	179.55458	0.37388	-0.99997	0.00776	-0.00053	-0.00777	-0.99875	0.04928	-0.00015	0.04929	0.99878	
176	1.75000	792.07584	3442.11825	995.22993	-2.86328	-0.11991	179.43149	0.59757	-0.99995	0.00981	-0.00259	-0.00992	-0.99870	0.04993	-0.00209	0.04995	0.99875	
177	1.76000	791.77969	3441.97206	995.49368	-2.80655	-0.01000	179.54619	0.33840	-0.99997	0.00790	-0.00056	-0.00792	-0.99877	0.04896	-0.00017	0.04896	0.99880	
178	1.77000	791.60751	3441.95045	995.62661	-2.83505	-0.04639	179.54039	0.41171	-0.99997	0.00797	-0.00121	-0.00802	-0.99874	0.04945	-0.00081	0.04946	0.99878	
179	1.78000	791.61968	3441.97845	995.58775	-2.87195	-0.00224	179.52402	0.40291	-0.99997	0.00830	-0.00046	-0.00831	-0.99871	0.05010	-0.00004	0.05010	0.99874	
180	1.79000	791.70917	3441.94491	995.51602	-2.84570	0.02021	179.54971	0.40952	-0.99997	0.00787	-0.00004	-0.00786	-0.99874	0.04965	0.00035	0.04965	0.99877	
181	1.80000	791.92852	3442.00288	995.32917	-2.87989	0.03239	179.50816	0.34912	-0.99996	0.00860	0.00013	-0.00858	-0.99870	0.05025	0.00057	0.05024	0.99874	
182	1.81000	792.32521	3442.08872	995.09256	-2.88091	-0.12152	179.41783	0.56861	-0.99995	0.01004	-0.00263	-0.01016	-0.99869	0.05024	-0.00212	0.05026	0.99873	
183	1.82000	792.05391	3442.11916	995.21129	-2.91405	-0.10065	179.41652	0.61764	-0.99995	0.01008	-0.00227	-0.01018	-0.99866	0.05082	-0.00176	0.05084	0.99871	
184	1.83000	791.71675	3441.98436	995.55697	-2.82633	0.00983	179.55452	0.37278	-0.99997	0.00777	-0.00021	-0.00778	-0.99875	0.04931	0.00017	0.04931	0.99878	
185	1.84000	791.45493	3441.99593	995.57969	-2.86559	-0.03697	179.42262	0.34169	-0.99995	0.01003	-0.00115	-0.01008	-0.99870	0.04998	-0.00065	0.04999	0.99875	
186	1.85000	791.79773	3441.91243	995.55236	-2.83160	0.05023	179.52937	0.35102	-0.99997	0.00825	0.00047	-0.00821	-0.99874	0.04941	0.00088	0.04940	0.99878	
187	1.86000	791.75898	3441.98744	995.48353	-2.83049	-0.01384	179.54022	0.41854	-0.99997	0.00800	-0.00064	-0.00802	-0.99875	0.04938	-0.00024	0.04938	0.99878	
188	1.87000	792.05572	3441.92246	995.34057	-2.84121	0.03626	179.53192	0.39125	-0.99997	0.00819	0.00023	-0.00817	-0.99874	0.04957	0.00063	0.04957	0.99877	
189	1.88000	792.10284	3442.15197	995.21913	-2.90126	-0.14597	179.42087	0.59902	-0.99995	0.00997	-0.00306	-0.01011	-0.99867	0.05059	-0.00255	0.05061	0.99871	
190	1.89000	791.87355	3442.01503	995.33632	-2.86687	-0.02746	179.52585	0.33591	-0.99997	0.00824	-0.00089	-0.00828	-0.99871	0.05001	-0.00048	0.05002	0.99875	
191	1.90000	791.76582	3441.99998	995.48701	-2.85770	-0.01388	179.53920	0.34951	-0.99997	0.00802	-0.00064	-0.00804	-0.99872	0.04985	-0.00024	0.04986	0.99876	
192	1.91000	791.66629	3441.95801	995.57678	-2.83277	-0.04152	179.54019	0.39795	-0.99997	0.00798	-0.00112	-0.00803	-0.99875	0.04941	-0.00072	0.04942	0.99878	
193	1.92000	791.72084	3441.97885	995.49502	-2.84568	-0.03028	179.51529	0.34212	-0.99996	0.00842	-0.00095	-0.00846	-0.99873	0.04964	-0.00053	0.04965	0.99877	
194	1.93000	791.76474	3441.94953	995.45082	-2.80807	0.00154	179.54721	0.38446	-0.99997	0.00789	-0.00036	-0.00790	-0.99877	0.04899	0.00003	0.04899	0.99880	
195	1.94000	792.02008	3442.12715	995.25875	-2.89659	-0.10907	179.41586	0.63593	-0.99995	0.01009	-0.00242	-0.01020	-0.99867	0.05051	-0.00190	0.05053	0.99872	
196	1.95000	792.06571	3442.11285	995.25824	-2.85013	-0.12804	179.43263	0.63725	-0.99995	0.00978	-0.00272	-0.00990	-0.99872	0.04970	-0.00223	0.04972	0.99876	
197	1.96000	791.98640	3441.92780	995.44008	-2.83378	0.06430	179.53160	0.41558	-0.99997	0.00822	0.00072	-0.00817	-0.99874	0.04945	0.00112	0.04944	0.99878	
198	1.97000	791.81386	3441.98257	995.46169	-2.77273	0.02191	179.57019	0.35875	-0.99997	0.00751	0.00002	-0.00750	-0.99880	0.04838	0.00038	0.04837	0.99883	
199	1.98000	791.77212	3441.97762	995.50873	-2.82937	0.04934	179.53027	0.40869	-0.99997	0.00823	0.00046	-0.00820	-0.99875	0.04937	0.00086	0.04936	0.99878	
200	1.99000	791.72798	3441.94552	995.47610	-2.81376	0.02136	179.55646	0.38665	-0.99997	0.00775	-0.00001	-0.00774	-0.99876	0.04909	0.00037	0.04909	0.99879	
201	2.00000	791.78895	3441.97865	995.38401	-2.91747	0.03372	179.51268	0.35708	-0.99996	0.00852	0.00015	-0.00851	-0.99867	0.05090	0.00059	0.05090	0.99870	
202	2.01000	791.98515	3441.92269	995.42734	-2.86019	0.05542	179.49843	0.39772	-0.99996	0.00879	0.00053	-0.00875	-0.99872	0.04991	0.00097	0.04990	0.99875	
203	2.02000	791.78539	3442.01281	995.43513	-2.87588	0.00621	179.52786	0.36648	-0.99997	0.00824	-0.00031	-0.00824	-0.99871	0.05017	0.00011	0.05017	0.99874	
204	2.03000	791.72911	3441.96085	995.53772	-2.81190	0.01423	179.55862	0.35940	-0.99997	0.00771	-0.00013	-0.00770	-0.99877	0.04906	0.00025	0.04906	0.99880	
205	2.04000	791.73496	3441.96014	995.49104	-2.82995	-0.02943	179.53773	0.36527	-0.99997	0.00803	-0.00091	-0.00807	-0.99875	0.04937	-0.00051	0.04937	0.99878	
206	2.05000	791.80225	3441.95055	995.40479	-2.86811	0.04362	179.51819	0.33713	-0.99996	0.00844	0.00034	-0.00841	-0.99871	0.05004	0.00076	0.05004	0.99875	
207	2.06000	791.86868	3441.99807	995.29497	-2.86817	-0.01465	179.54417	0.32521	-0.99997	0.00793	-0.00065	-0.00796	-0.99872	0.05003	-0.00026	0.05004	0.99875	
208	2.07000	791.87190	3441.98665	995.36611	-2.85719	0.03057	179.53246	0.36331	-0.99997	0.00818	0.00013	-0.00816	-0.99872	0.04985	0.00053	0.04985	0.99876	
209	2.08000	791.79327	3441.97048	995.43960	-2.84701	0.05451	179.53839	0.36383	-0.99997	0.00809	0.00055	-0.00806	-0.99873	0.04968	0.00095	0.04967	0.99877	
210	2.09000	791.69304	3441.95663	995.52570	-2.83562	-0.02848	179.54601	0.38783	-0.99997	0.00789	-0.00089	-0.00792	-0.99874	0.04947	-0.00050	0.04947	0.99878	
211	2.10000	791.63913	3441.97282	995.57028	-2.83530	-0.04854	179.54593	0.38009	-0.99997	0.00787	-0.00124	-0.00793	-0.99874	0.04946	-0.00085	0.04947	0.99878	
212	2.11000	791.74002	3442.00353	995.43644	-2.83786	-0.02733	179.54886	0.36330	-0.99997	0.00784	-0.00087	-0.00787	-0.99874	0.04950	-0.00048	0.04951	0.99877	
213	2.12000	791.86167	3441.98839	995.38499	-2.86789	0.03946	179.54332	0.36719	-0.99997	0.00800	0.00029	-0.00797	-0.99872	0.05004	0.00069	0.05003	0.99875	
214	2.13000	791.70099	3442.02398	995.31872	-2.87235	0.01179	179.44464	0.37019	-0.99995	0.00969	-0.00028	-0.00969	-0.99870	0.05011	0.00021	0.05011	0.99874	
215	2.14000	791.83944	3441.97090	995.38785	-2.85172	0.04384	179.53195	0.34242	-0.99997	0.00820	0.00036	-0.00817	-0.99873	0.04976	0.00077	0.04975	0.99876	
216	2.15000	791.86959	3441.91216	995.55139	-2.82252	-0.03212	179.50467	0.35731	-0.99996	0.00861	-0.00099	-0.00864	-0.99875	0.04924	-0.00056	0.04924	0.99879	
217	2.16000	791.61003	3441.95642	995.61879	-2.81975	-0.03082	179.54427	0.38121	-0.99997	0.00792	-0.00093	-0.00795	-0.99876	0.04919	-0.00054	0.04919	0.99879	
218	2.17000	791.78464	3441.92949	995.55510	-2.77483	-0.03956	179.51692	0.31331	-0.99996	0.00839	-0.00110	-0.00843	-0.99879	0.04840	-0.00069	0.04841	0.99883	
219	2.18000	791.77269	3441.95032	995.44986	-2.85128	-0.02840	179.54248	0.36835	-0.99997	0.00795	-0.00089	-0.00799	-0.99873	0.04974	-0.00050	0.04974	0.99876	
220	2.19000	791.74555	3442.01416	995.35077	-2.83187	0.00962	179.44389	0.42180	-0.99995	0.00970	-0.00031	-0.00971	-0.99873	0.04940	0.00017	0.04941	0.99878	
221	2.20000	791.96997	3441.99168	995.27879	-2.85715	0.02299	179.54652	0.36023	-0.99997	0.00792	0.00001	-0.00791	-0.99873	0.04985	0.00040	0.04985	0.99876	
222	2.21000	791.89412	3441.94862	995.35433	-2.83879	0.03304	179.55122	0.32214	-0.99997	0.00785	0.00019	-0.00783	-0.99874	0.04953	0.00058	0.04953	0.99877	
223	2.22000	791.64788	3441.93681	995.53883	-2.83945	0.04658	179.53471	0.39219	-0.99997	0.00815	0.00041	-0.00812	-0.99874	0.04954	0.00081	0.04954	0.99877	
224	2.23000	791.55220	3441.93494	995.68035	-2.82912	-0.02074	179.53970	0.40132	-0.99997	0.00801	-0.00076	-0.00803	-0.99875	0.04935	-0.00036	0.04936	0.99878	
225	2.24000	791.53402	3441.98069	995.59192	-2.82267	-0.00407	179.43163	0.39207	-0.99995	0.00990	-0.00056	-0.00992	-0.99874	0.04924	-0.00007	0.04924	0.99879	
226	2.25000	791.78004	3441.96540	995.45174	-2.83390	0.03111	179.55719	0.39743	-0.99997	0.00775	0.00016	-0.00773	-0.99875	0.04944	0.00054	0.04944	0.99878	
227	2.26000	791.89535	3441.99590	995.27215	-2.87235	0.02823	179.52995	0.34948	-0.99997	0.00822	0.00008	-0.00820	-0.99871	0.05011	0.00049	0.05011	0.99874	
228	2.27000	791.90899	3441.98669	995.29327	-2.87119	0.05852	179.54739	0.38182	-0.99997	0.00794	0.00062	-0.00790	-0.99871	0.05010	0.00102	0.05009	0.99874	
229	2.28000	791.84418	3441.99303	995.42301	-2.88740	0.05747	179.53926	0.35952	-0.99997	0.00808	0.00060	-0.00804	-0.99870	0.05038	0.00100	0.05037	0.99873	
230	2.29000	791.67319	3441.94684	995.61908	-2.82678	-0.01475	179.52789	0.37180	-0.99997	0.00822	-0.00066	-0.00824	-0.99875	0.04931	-0.00026	0.04932	0.99878	
231	2.30000	791.57799	3441.95879	995.65348	-2.85171	-0.03812	179.52168	0.38003	-0.99996	0.00830	-0.00108	-0.00835	-0.99873	0.04974	-0.00067	0.04975	0.99876	
232	2.31000	791.64022	3441.96521	995.57883	-2.84321	0.01144	179.52965	0.36155	-0.99997	0.00821	-0.00021	-0.00821	-0.99874	0.04960	0.00020	0.04960	0.99877	
233	2.32000	791.86812	3441.97880	995.37919	-2.87819	0.00935	179.53041	0.36402	-0.99997	0.00819	-0.00025	-0.00820	-0.99870	0.05021	0.00016	0.05021	0.99874	
234	2.33000	791.88683	3442.00021	995.28425	-2.85431	-0.01778	179.53305	0.34987	-0.99997	0.00812	-0.00072	-0.00815	-0.99873	0.04979	-0.00031	0.04980	0.99876	
235	2.34000	791.93077	3441.97734	995.36808	-2.83892	0.02505	179.54774	0.36560	-0.99997	0.00791	0.00005	-0.00789	-0.99874	0.04953	0.00044	0.04953	0.99877	
236	2.35000	791.80882	3441.98347	995.44394	-2.84860	0.00829	179.54488	0.33307	-0.99997	0.00794	-0.00025	-0.00794	-0.99873	0.04970	0.00014	0.04970	0.99876	
237	2.36000	791.69562	3441.95369	995.62044	-2.84482	-0.01640	179.50607	0.36394	-0.99996	0.00860	-0.00071	-0.00862	-0.99873	0.04963	-0.00029	0.04963	0.99877	
238	2.37000	791.67036	3441.94754	995.58127	-2.79982	-0.00806	179.56134	0.35431	-0.99997	0.00764	-0.00051	-0.00766	-0.99878	0.04884	-0.00014	0.04885	0.99881	
239	2.38000	791.76899	3441.91822	995.49792	-2.82307	0.00644	179.51764	0.36383	-0.99996	0.00841	-0.00030	-0.00842	-0.99875	0.04925	0.00011	0.04925	0.99879	
240	2.39000	791.84979	3441.97339	995.40537	-2.84857	0.00240	179.53336	0.34921	-0.99997	0.00814	-0.00036	-0.00814	-0.99873	0.04970	0.00004	0.04970	0.99876	
241	2.40000	791.89146	3441.97178	995.40589	-2.82312	-0.00621	179.53857	0.35356	-0.99997	0.00804	-0.00050	-0.00805	-0.99875	0.04925	-0.00011	0.04925	0.99879	
242	2.41000	791.83193	3441.96933	995.41370	-2.88040	0.07352	179.53506	0.34689	-0.99997	0.00817	0.00087	-0.00811	-0.99870	0.05026	0.00128	0.05025	0.99874	
243	2.42000	791.77643	3441.96294	995.47817	-2.81532	-0.00058	179.54887	0.38803	-0.99997	0.00786	-0.00040	-0.00787	-0.99876	0.04912	-0.00001	0.04912	0.99879	
244	2.43000	791.73733	3441.95311	995.48241	-2.82932	0.09927	179.53355	0.46545	-0.99997	0.00822	0.00133	-0.00814	-0.99875	0.04937	0.00173	0.04936	0.99878	
245	2.44000	791.68656	3441.95965	995.51164	-2.84462	-0.03565	179.53325	0.38090	-0.99997	0.00811	-0.00103	-0.00815	-0.99873	0.04962	-0.00062	0.04963	0.99877	
246	2.45000	791.77400	3441.97759	995.40293	-2.86949	0.08099	179.53680	0.34889	-0.99997	0.00815	0.00101	-0.00808	-0.99871	0.05007	0.00141	0.05006	0.99875	
247	2.46000	791.85479	3441.93712	995.38308	-2.84684	0.07778	179.38033	0.44497	-0.99994	0.01087	0.00082	-0.01082	-0.99871	0.04968	0.00136	0.04967	0.99876	
248	2.47000	791.80716	3441.94512	995.48630	-2.85661	0.01081	179.52983	0.37061	-0.99997	0.00821	-0.00022	-0.00821	-0.99872	0.04984	0.00019	0.04984	0.99876	
249	2.48000	791.69950	3441.96645	995.51591	-2.82687	0.02197	179.55202	0.38173	-0.99997	0.00783	-0.00000	-0.00782	-0.99875	0.04932	0.00038	0.04932	0.99878	
250	2.49000	791.71866	3441.96381	995.54990	-2.82049	0.01022	179.54150	0.37486	-0.99997	0.00800	-0.00022	-0.00800	-0.99876	0.04921	0.00018	0.04921	0.99879	
251	2.50000	791.71393	3441.94905	995.50420	-2.83437	-0.00325	179.54990	0.34032	-0.99997	0.00784	-0.00045	-0.00786	-0.99875	0.04945	-0.00006	0.04945	0.99878	
252	2.51000	791.69495	3441.99013	995.40515	-2.85339	0.01852	179.40909	0.38259	-0.99995	0.01032	-0.00019	-0.01031	-0.99871	0.04978	0.00032	0.04978	0.99876	
253	2.52000	791.92842	3441.94503	995.34979	-2.80655	0.00518	179.53723	0.34721	-0.99997	0.00807	-0.00031	-0.00808	-0.99877	0.04896	0.00009	0.04896	0.99880	
254	2.53000	791.86082	3441.99061	995.36811	-2.84829	0.05051	179.54648	0.37658	-0.99997	0.00795	0.00049	-0.00792	-0.99873	0.04970	0.00088	0.04969	0.99876	
255	2.54000	791.90725	3442.09393	995.39733	-2.89569	-0.12994	179.45293	0.62994	-0.99995	0.00942	-0.00275	-0.00955	-0.99868	0.05049	-0.00227	0.05052	0.99872	
256	2.55000	791.62500	3441.94926	995.65117	-2.85948	0.01754	179.53349	0.35574	-0.99997	0.00815	-0.00010	-0.00814	-0.99872	0.04989	0.00031	0.04989	0.99875	
