Frame	Time	X	Y	Z	Roll	Pitch	Yaw	Residual	Rot[0]	Rot[1]	Rot[2]	Rot[3]	Rot[4]	Rot[5]	Rot[6]	Rot[7]	Rot[8]	Timestamp
1	0.00000	2816.53116	1217.09393	995.57723	-0.21784	-1.98257	-90.05231	0.63470	-0.00091	-0.99999	0.00377	0.99940	-0.00078	0.03460	-0.03460	0.00380	0.99939	2021-05-12, 10:20:11
2	0.01000	2816.42279	1217.09438	995.60241	-0.24576	-1.99782	-90.08817	0.60893	-0.00154	-0.99999	0.00424	0.99939	-0.00139	0.03487	-0.03486	0.00429	0.99938	
3	0.02000	2816.57784	1217.37973	995.81587	0.03437	-1.99595	-90.20049	0.58476	-0.00350	-0.99999	-0.00072	0.99939	-0.00352	0.03483	-0.03483	-0.00060	0.99939	
4	0.03000	2816.69076	1217.39127	995.83385	0.06926	-2.00186	-90.22810	0.63740	-0.00398	-0.99999	-0.00135	0.99938	-0.00402	0.03493	-0.03493	-0.00121	0.99939	
5	0.04000	2816.78645	1217.38386	995.80854	0.04118	-2.03135	-90.22456	0.64366	-0.00392	-0.99999	-0.00086	0.99936	-0.00394	0.03544	-0.03545	-0.00072	0.99937	
6	0.05000	2816.87125	1217.39367	995.75353	-0.02260	-2.01943	-90.22476	0.65166	-0.00392	-0.99999	0.00026	0.99937	-0.00391	0.03524	-0.03524	0.00039	0.99938	
7	0.06000	2816.80949	1217.38503	995.75016	0.00683	-2.01148	-90.24014	0.66870	-0.00419	-0.99999	-0.00027	0.99938	-0.00420	0.03510	-0.03510	-0.00012	0.99938	
8	0.07000	2816.70319	1217.38300	995.82138	-0.01691	-1.99694	-90.20715	0.65093	-0.00361	-0.99999	0.00017	0.99939	-0.00360	0.03485	-0.03485	0.00029	0.99939	
9	0.08000	2817.43226	1217.85226	996.77730	0.23042	-1.82248	-90.31994	1.15991	-0.00558	-0.99998	-0.00420	0.99948	-0.00571	0.03178	-0.03180	-0.00402	0.99949	
10	0.09000	2817.37272	1217.86012	996.76850	0.21190	-1.78529	-90.33831	1.15167	-0.00590	-0.99998	-0.00388	0.99950	-0.00602	0.03113	-0.03115	-0.00370	0.99951	
11	0.10000	2817.58604	1217.99122	996.80772	0.30818	-1.88955	-90.34375	1.26071	-0.00600	-0.99997	-0.00558	0.99944	-0.00618	0.03294	-0.03297	-0.00538	0.99944	
12	0.11000	2817.50988	1217.96153	996.70310	0.26065	-1.88764	-90.34853	1.26905	-0.00608	-0.99997	-0.00475	0.99944	-0.00623	0.03291	-0.03294	-0.00455	0.99945	
13	0.12000	2817.53386	1218.00156	996.66310	0.16977	-1.86494	-90.31656	1.21434	-0.00552	-0.99998	-0.00314	0.99946	-0.00562	0.03253	-0.03254	-0.00296	0.99947	
14	0.13000	2817.03408	1217.72530	996.16217	-0.01453	-2.00577	-90.24073	0.57349	-0.00420	-0.99999	0.00011	0.99938	-0.00419	0.03500	-0.03500	0.00025	0.99939	
15	0.14000	2816.83561	1217.69494	996.12239	-0.02093	-1.94599	-90.25510	0.62580	-0.00445	-0.99999	0.00021	0.99941	-0.00444	0.03396	-0.03396	0.00037	0.99942	
16	0.15000	2816.78438	1217.66447	996.14108	-0.01935	-1.96230	-90.27172	0.63207	-0.00474	-0.99999	0.00018	0.99940	-0.00473	0.03424	-0.03424	0.00034	0.99941	
17	0.16000	2816.85866	1217.71202	996.14880	-0.00154	-1.95934	-90.27792	0.62717	-0.00485	-0.99999	-0.00014	0.99940	-0.00485	0.03419	-0.03419	0.00003	0.99942	
18	0.17000	2816.96191	1217.71157	996.15920	0.02024	-1.97322	-90.28539	0.62580	-0.00498	-0.99999	-0.00052	0.99939	-0.00499	0.03443	-0.03443	-0.00035	0.99941	
19	0.18000	2817.06287	1217.78811	996.15632	0.03808	-1.96047	-90.27055	0.62000	-0.00472	-0.99999	-0.00083	0.99940	-0.00474	0.03421	-0.03421	-0.00066	0.99941	
20	0.19000	2816.96784	1217.74745	996.10781	-0.02963	-1.97362	-90.25499	0.60566	-0.00445	-0.99999	0.00036	0.99940	-0.00443	0.03444	-0.03444	0.00052	0.99941	
21	0.20000	2816.84183	1217.71268	996.09529	-0.03426	-1.93027	-90.25005	0.61294	-0.00436	-0.99999	0.00045	0.99942	-0.00434	0.03369	-0.03368	0.00060	0.99943	
22	0.21000	2816.80069	1217.69597	996.08771	0.01427	-1.93737	-90.26946	0.60711	-0.00470	-0.99999	-0.00041	0.99942	-0.00471	0.03381	-0.03381	-0.00025	0.99943	
23	0.22000	2816.77954	1217.69745	996.09679	0.00676	-1.94975	-90.29124	0.62716	-0.00508	-0.99999	-0.00029	0.99941	-0.00509	0.03402	-0.03402	-0.00012	0.99942	
24	0.23000	2816.92898	1217.73095	996.19140	0.01512	-1.96033	-90.29034	0.62826	-0.00506	-0.99999	-0.00044	0.99940	-0.00508	0.03421	-0.03421	-0.00026	0.99941	
25	0.24000	2816.95484	1217.75970	996.12931	0.02215	-1.97419	-90.29391	0.62959	-0.00513	-0.99999	-0.00056	0.99939	-0.00514	0.03445	-0.03445	-0.00039	0.99941	
26	0.25000	2816.97002	1217.76836	996.12330	-0.02950	-1.95602	-90.27020	0.60829	-0.00471	-0.99999	0.00035	0.99941	-0.00470	0.03413	-0.03413	0.00051	0.99942	
27	0.26000	2816.88234	1217.73226	996.09497	-0.00888	-1.94611	-90.26939	0.60686	-0.00470	-0.99999	-0.00000	0.99941	-0.00470	0.03396	-0.03396	0.00015	0.99942	
28	0.27000	2816.80822	1217.70829	996.06042	-0.02151	-1.90911	-90.26874	0.61806	-0.00469	-0.99999	0.00022	0.99943	-0.00468	0.03332	-0.03331	0.00038	0.99944	
29	0.28000	2816.83757	1217.72415	996.12466	0.00066	-1.95861	-90.27064	0.62409	-0.00472	-0.99999	-0.00017	0.99940	-0.00472	0.03418	-0.03418	-0.00001	0.99942	
30	0.29000	2816.87574	1217.74717	996.14201	0.01900	-1.96834	-90.29184	0.62908	-0.00509	-0.99999	-0.00051	0.99940	-0.00510	0.03435	-0.03435	-0.00033	0.99941	
31	0.30000	2816.94681	1217.76271	996.15144	-0.00226	-1.95299	-90.28938	0.64565	-0.00505	-0.99999	-0.00013	0.99941	-0.00505	0.03408	-0.03408	0.00004	0.99942	
32	0.31000	2816.95866	1217.77631	996.14111	-0.00787	-1.97138	-90.28194	0.63731	-0.00492	-0.99999	-0.00003	0.99940	-0.00492	0.03440	-0.03440	0.00014	0.99941	
33	0.32000	2816.87662	1217.73349	996.08497	-0.03456	-1.95458	-90.27907	0.61503	-0.00487	-0.99999	0.00044	0.99941	-0.00485	0.03411	-0.03411	0.00060	0.99942	
34	0.33000	2816.86107	1217.75754	996.07483	-0.03574	-1.92814	-90.25159	0.61987	-0.00439	-0.99999	0.00048	0.99942	-0.00437	0.03365	-0.03365	0.00062	0.99943	
35	0.34000	2816.84382	1217.73972	996.08953	0.01099	-1.93840	-90.26032	0.62150	-0.00454	-0.99999	-0.00035	0.99942	-0.00455	0.03382	-0.03383	-0.00019	0.99943	
36	0.35000	2816.84569	1217.75714	996.07302	-0.00622	-1.95381	-90.26305	0.60688	-0.00459	-0.99999	-0.00005	0.99941	-0.00459	0.03409	-0.03409	0.00011	0.99942	
37	0.36000	2816.92272	1217.76704	996.13458	-0.00463	-1.96358	-90.29333	0.63893	-0.00512	-0.99999	-0.00009	0.99940	-0.00512	0.03426	-0.03426	0.00008	0.99941	
38	0.37000	2816.92882	1217.77089	996.15495	0.03013	-1.96689	-90.28043	0.59946	-0.00489	-0.99999	-0.00069	0.99940	-0.00491	0.03432	-0.03432	-0.00053	0.99941	
39	0.38000	2816.87564	1217.76495	996.08211	-0.01323	-1.94641	-90.29100	0.60958	-0.00508	-0.99999	0.00006	0.99941	-0.00507	0.03397	-0.03396	0.00023	0.99942	
40	0.39000	2816.84059	1217.75365	996.08277	-0.02507	-1.97892	-90.27209	0.62725	-0.00475	-0.99999	0.00027	0.99939	-0.00473	0.03453	-0.03453	0.00044	0.99940	
41	0.40000	2816.81851	1217.75123	996.06941	0.00510	-1.92740	-90.27797	0.59804	-0.00485	-0.99999	-0.00025	0.99942	-0.00485	0.03363	-0.03363	-0.00009	0.99943	
42	0.41000	2816.81591	1217.73881	996.08571	-0.02548	-1.97641	-90.26991	0.59531	-0.00471	-0.99999	0.00028	0.99939	-0.00470	0.03449	-0.03449	0.00044	0.99941	
43	0.42000	2816.91129	1217.78949	996.13487	0.01434	-1.99525	-90.27517	0.61636	-0.00480	-0.99999	-0.00042	0.99938	-0.00481	0.03482	-0.03482	-0.00025	0.99939	
44	0.43000	2816.93645	1217.78302	996.15791	-0.01283	-1.96054	-90.28396	0.61170	-0.00495	-0.99999	0.00005	0.99940	-0.00495	0.03421	-0.03421	0.00022	0.99941	
45	0.44000	2816.90860	1217.79973	996.14722	0.00903	-1.95414	-90.29347	0.62822	-0.00512	-0.99999	-0.00033	0.99941	-0.00513	0.03410	-0.03410	-0.00016	0.99942	
46	0.45000	2816.82025	1217.74241	996.10163	-0.00340	-1.97049	-90.29176	0.56586	-0.00509	-0.99999	-0.00012	0.99940	-0.00509	0.03438	-0.03438	0.00006	0.99941	
47	0.46000	2816.83335	1217.75117	996.05756	-0.00993	-1.93826	-90.28650	0.64244	-0.00500	-0.99999	0.00000	0.99942	-0.00499	0.03382	-0.03382	0.00017	0.99943	
48	0.47000	2816.85883	1217.74644	996.03959	0.02505	-1.95490	-90.26458	0.60480	-0.00462	-0.99999	-0.00059	0.99941	-0.00463	0.03411	-0.03411	-0.00044	0.99942	
49	0.48000	2816.89155	1217.78008	996.12665	0.01244	-1.96219	-90.27346	0.57752	-0.00477	-0.99999	-0.00038	0.99940	-0.00478	0.03424	-0.03424	-0.00022	0.99941	
50	0.49000	2817.01987	1217.80697	996.19907	0.00164	-2.04802	-90.25694	0.56855	-0.00448	-0.99999	-0.00019	0.99935	-0.00449	0.03574	-0.03574	-0.00003	0.99936	
51	0.50000	2816.90791	1217.79610	996.11005	0.00569	-1.97436	-90.28620	0.61783	-0.00499	-0.99999	-0.00027	0.99939	-0.00500	0.03445	-0.03445	-0.00010	0.99941	
52	0.51000	2817.02264	1217.81181	996.16698	-0.03503	-2.03443	-90.24327	0.57226	-0.00424	-0.99999	0.00046	0.99936	-0.00422	0.03550	-0.03550	0.00061	0.99937	
53	0.52000	2816.87568	1217.78999	996.11657	-0.03277	-1.95658	-90.27351	0.59019	-0.00477	-0.99999	0.00041	0.99941	-0.00475	0.03414	-0.03414	0.00057	0.99942	
54	0.53000	2816.83468	1217.76102	996.08375	0.00617	-1.97568	-90.26444	0.59322	-0.00461	-0.99999	-0.00027	0.99939	-0.00462	0.03447	-0.03448	-0.00011	0.99941	
55	0.54000	2816.79685	1217.75350	996.09808	0.00670	-1.93990	-90.28799	0.61424	-0.00502	-0.99999	-0.00029	0.99941	-0.00503	0.03385	-0.03385	-0.00012	0.99943	
56	0.55000	2816.96051	1217.85132	996.22714	0.02405	-1.85246	-90.33927	0.50746	-0.00592	-0.99998	-0.00061	0.99946	-0.00593	0.03232	-0.03233	-0.00042	0.99948	
57	0.56000	2816.86897	1217.78586	996.10423	0.01227	-1.96518	-90.28709	0.60213	-0.00501	-0.99999	-0.00039	0.99940	-0.00502	0.03429	-0.03429	-0.00021	0.99941	
58	0.57000	2816.91994	1217.79682	996.11971	0.01585	-1.96986	-90.28973	0.64400	-0.00505	-0.99999	-0.00045	0.99940	-0.00507	0.03437	-0.03437	-0.00028	0.99941	
59	0.58000	2816.89206	1217.80039	996.10865	-0.00360	-1.98160	-90.27216	0.59245	-0.00475	-0.99999	-0.00010	0.99939	-0.00475	0.03458	-0.03458	0.00006	0.99940	
60	0.59000	2816.89198	1217.79151	996.08106	-0.01136	-1.97870	-90.26469	0.60565	-0.00462	-0.99999	0.00004	0.99939	-0.00461	0.03453	-0.03453	0.00020	0.99940	
61	0.60000	2816.79439	1217.76604	996.02939	0.00313	-1.99451	-90.27602	0.58545	-0.00481	-0.99999	-0.00022	0.99938	-0.00482	0.03480	-0.03480	-0.00005	0.99939	
62	0.61000	2816.88673	1217.79752	996.12318	-0.02819	-2.00783	-90.24664	0.54390	-0.00430	-0.99999	0.00034	0.99938	-0.00429	0.03504	-0.03504	0.00049	0.99939	
63	0.62000	2816.80777	1217.77544	996.12935	-0.00485	-1.95959	-90.28867	0.66383	-0.00504	-0.99999	-0.00009	0.99940	-0.00504	0.03419	-0.03419	0.00008	0.99942	
64	0.63000	2816.82132	1217.78454	996.12183	0.01770	-1.96050	-90.28790	0.63212	-0.00502	-0.99999	-0.00048	0.99940	-0.00504	0.03421	-0.03421	-0.00031	0.99941	
65	0.64000	2816.83257	1217.78836	996.09186	0.01350	-1.96784	-90.30215	0.59349	-0.00527	-0.99999	-0.00042	0.99940	-0.00528	0.03434	-0.03434	-0.00024	0.99941	
66	0.65000	2816.88139	1217.79030	996.06281	-0.02270	-1.96827	-90.26880	0.58969	-0.00469	-0.99999	0.00024	0.99940	-0.00468	0.03435	-0.03435	0.00040	0.99941	
67	0.66000	2816.95612	1217.83338	996.12146	-0.01205	-1.96596	-90.28887	0.59381	-0.00504	-0.99999	0.00004	0.99940	-0.00503	0.03431	-0.03431	0.00021	0.99941	
68	0.67000	2816.88647	1217.81695	996.06313	0.02426	-1.96201	-90.28266	0.56904	-0.00493	-0.99999	-0.00059	0.99940	-0.00495	0.03423	-0.03424	-0.00042	0.99941	
69	0.68000	2816.82376	1217.76960	996.11998	0.00213	-1.93268	-90.28988	0.63655	-0.00506	-0.99999	-0.00021	0.99942	-0.00506	0.03372	-0.03373	-0.00004	0.99943	
70	0.69000	2816.78531	1217.76785	996.11646	0.03694	-1.97547	-90.31118	0.59694	-0.00543	-0.99998	-0.00083	0.99939	-0.00545	0.03447	-0.03447	-0.00064	0.99941	
71	0.70000	2816.82486	1217.77372	996.12916	0.02308	-1.97631	-90.30501	0.62028	-0.00532	-0.99999	-0.00059	0.99939	-0.00534	0.03448	-0.03449	-0.00040	0.99941	
72	0.71000	2816.89295	1217.80123	996.10601	-0.00797	-1.96994	-90.30006	0.61010	-0.00523	-0.99999	-0.00004	0.99940	-0.00523	0.03438	-0.03438	0.00014	0.99941	
73	0.72000	2816.95240	1217.82066	996.08964	-0.00704	-1.95048	-90.28780	0.60441	-0.00502	-0.99999	-0.00005	0.99941	-0.00502	0.03404	-0.03404	0.00012	0.99942	
74	0.73000	2816.89737	1217.80884	996.07252	0.00066	-1.95950	-90.27382	0.61385	-0.00478	-0.99999	-0.00017	0.99940	-0.00478	0.03419	-0.03419	-0.00001	0.99942	
75	0.74000	2816.80768	1217.76560	996.04879	0.00087	-1.96690	-90.26508	0.59436	-0.00462	-0.99999	-0.00017	0.99940	-0.00463	0.03432	-0.03432	-0.00002	0.99941	
76	0.75000	2816.80992	1217.80579	996.11651	-0.00761	-1.96491	-90.30141	0.61627	-0.00526	-0.99999	-0.00005	0.99940	-0.00526	0.03429	-0.03429	0.00013	0.99941	
77	0.76000	2816.80349	1217.76052	996.12213	0.00734	-1.96658	-90.29271	0.60601	-0.00511	-0.99999	-0.00030	0.99940	-0.00511	0.03432	-0.03432	-0.00013	0.99941	
78	0.77000	2816.84298	1217.79041	996.10893	-0.02062	-1.97216	-90.28229	0.59041	-0.00492	-0.99999	0.00019	0.99940	-0.00491	0.03442	-0.03441	0.00036	0.99941	
79	0.78000	2816.87725	1217.80650	996.06401	0.01483	-1.98850	-90.28983	0.59584	-0.00506	-0.99999	-0.00043	0.99938	-0.00507	0.03470	-0.03470	-0.00026	0.99940	
80	0.79000	2816.92547	1217.83470	996.10210	-0.02433	-1.97850	-90.26408	0.60658	-0.00461	-0.99999	0.00027	0.99939	-0.00459	0.03453	-0.03452	0.00042	0.99940	
81	0.80000	2816.82538	1217.76752	996.06373	0.01026	-1.96232	-90.29742	0.59377	-0.00519	-0.99999	-0.00036	0.99940	-0.00520	0.03424	-0.03424	-0.00018	0.99941	
82	0.81000	2816.79266	1217.76638	996.09839	-0.00565	-1.95115	-90.29810	0.58739	-0.00520	-0.99999	-0.00008	0.99941	-0.00520	0.03405	-0.03405	0.00010	0.99942	
83	0.82000	2816.80983	1217.78048	996.10129	0.01623	-1.98853	-90.28984	0.62503	-0.00506	-0.99999	-0.00046	0.99938	-0.00507	0.03470	-0.03470	-0.00028	0.99940	
84	0.83000	2816.87531	1217.81134	996.12370	0.02200	-1.96569	-90.29485	0.59941	-0.00514	-0.99999	-0.00056	0.99940	-0.00516	0.03430	-0.03430	-0.00038	0.99941	
85	0.84000	2816.93825	1217.82843	996.12754	-0.02654	-1.96924	-90.28045	0.60350	-0.00489	-0.99999	0.00029	0.99940	-0.00488	0.03436	-0.03436	0.00046	0.99941	
86	0.85000	2816.85439	1217.79523	996.10562	-0.03717	-1.99283	-90.29072	0.60079	-0.00507	-0.99999	0.00047	0.99938	-0.00505	0.03478	-0.03477	0.00065	0.99939	
87	0.86000	2816.81781	1217.79734	996.04378	0.00930	-1.94796	-90.27203	0.60047	-0.00474	-0.99999	-0.00032	0.99941	-0.00475	0.03399	-0.03399	-0.00016	0.99942	
88	0.87000	2816.75074	1217.77124	996.04887	-0.01189	-1.96371	-90.28499	0.59948	-0.00497	-0.99999	0.00004	0.99940	-0.00497	0.03427	-0.03427	0.00021	0.99941	
89	0.88000	2816.81840	1217.77710	996.05882	0.03063	-1.92561	-90.29813	0.60017	-0.00520	-0.99999	-0.00071	0.99942	-0.00522	0.03360	-0.03360	-0.00053	0.99944	
90	0.89000	2816.91076	1217.78650	996.12435	0.00568	-1.96955	-90.28327	0.58373	-0.00494	-0.99999	-0.00027	0.99940	-0.00495	0.03437	-0.03437	-0.00010	0.99941	
91	0.90000	2816.92950	1217.84328	996.11604	0.02686	-1.98399	-90.28050	0.59843	-0.00489	-0.99999	-0.00064	0.99939	-0.00491	0.03462	-0.03462	-0.00047	0.99940	
92	0.91000	2816.90796	1217.80919	996.15308	0.01608	-1.96992	-90.29192	0.58752	-0.00509	-0.99999	-0.00046	0.99940	-0.00510	0.03437	-0.03437	-0.00028	0.99941	
93	0.92000	2816.80598	1217.78592	996.06480	0.00780	-1.95658	-90.29864	0.58042	-0.00521	-0.99999	-0.00031	0.99940	-0.00522	0.03414	-0.03414	-0.00014	0.99942	
94	0.93000	2816.79356	1217.77267	996.08096	-0.04421	-2.00791	-90.25794	0.54314	-0.00450	-0.99999	0.00061	0.99938	-0.00447	0.03504	-0.03504	0.00077	0.99939	
95	0.94000	2816.73402	1217.76842	996.00666	-0.01470	-1.98154	-90.27100	0.59218	-0.00473	-0.99999	0.00009	0.99939	-0.00472	0.03458	-0.03458	0.00026	0.99940	
96	0.95000	2816.83326	1217.78127	996.09833	0.04616	-1.98382	-90.29444	0.61898	-0.00514	-0.99999	-0.00098	0.99939	-0.00517	0.03461	-0.03462	-0.00081	0.99940	
97	0.96000	2816.89861	1217.81436	996.09343	-0.00163	-1.98664	-90.29311	0.61331	-0.00511	-0.99999	-0.00015	0.99939	-0.00511	0.03467	-0.03467	0.00003	0.99940	
98	0.97000	2816.92057	1217.82286	996.11451	-0.00353	-2.00008	-90.29032	0.62488	-0.00506	-0.99999	-0.00012	0.99938	-0.00506	0.03490	-0.03490	0.00006	0.99939	
99	0.98000	2816.85679	1217.81487	996.08341	-0.01118	-1.96802	-90.28274	0.57735	-0.00493	-0.99999	0.00003	0.99940	-0.00493	0.03434	-0.03434	0.00019	0.99941	
100	0.99000	2816.76308	1217.76082	996.03434	-0.02407	-1.97903	-90.27021	0.61405	-0.00471	-0.99999	0.00026	0.99939	-0.00470	0.03454	-0.03453	0.00042	0.99940	
101	1.00000	2816.72208	1217.74432	996.02517	-0.03402	-1.97673	-90.27707	0.62281	-0.00483	-0.99999	0.00043	0.99939	-0.00482	0.03450	-0.03449	0.00059	0.99940	
102	1.01000	2816.77132	1217.76486	996.08056	0.00456	-1.95024	-90.28748	0.61234	-0.00501	-0.99999	-0.00025	0.99941	-0.00502	0.03403	-0.03403	-0.00008	0.99942	
103	1.02000	2816.90758	1217.81174	996.12725	0.03862	-1.97241	-90.29752	0.60304	-0.00519	-0.99999	-0.00085	0.99939	-0.00522	0.03441	-0.03442	-0.00067	0.99941	
104	1.03000	2816.92827	1217.83443	996.14304	0.00781	-1.98999	-90.29080	0.62937	-0.00507	-0.99999	-0.00031	0.99938	-0.00508	0.03472	-0.03472	-0.00014	0.99940	
105	1.04000	2816.89753	1217.80898	996.07966	-0.00164	-1.99239	-90.27763	0.58742	-0.00484	-0.99999	-0.00014	0.99938	-0.00484	0.03477	-0.03477	0.00003	0.99940	
106	1.05000	2816.83691	1217.79305	996.06208	-0.02820	-1.97231	-90.27026	0.61179	-0.00471	-0.99999	0.00033	0.99940	-0.00470	0.03442	-0.03442	0.00049	0.99941	
107	1.06000	2816.77324	1217.75317	996.02503	-0.01736	-1.95093	-90.27901	0.62430	-0.00487	-0.99999	0.00014	0.99941	-0.00486	0.03404	-0.03404	0.00030	0.99942	
108	1.07000	2816.76592	1217.78533	996.05584	-0.00210	-1.96333	-90.27702	0.56563	-0.00483	-0.99999	-0.00013	0.99940	-0.00483	0.03426	-0.03426	0.00004	0.99941	
109	1.08000	2816.83363	1217.77572	996.07693	-0.03580	-1.98671	-90.28219	0.61549	-0.00492	-0.99999	0.00045	0.99939	-0.00490	0.03467	-0.03467	0.00062	0.99940	
110	1.09000	2816.85434	1217.80544	996.10929	0.01015	-1.97732	-90.30254	0.58599	-0.00528	-0.99999	-0.00036	0.99939	-0.00529	0.03450	-0.03450	-0.00018	0.99940	
111	1.10000	2816.84702	1217.80623	996.06943	-0.01032	-1.97090	-90.29896	0.60658	-0.00521	-0.99999	0.00000	0.99939	-0.00521	0.03439	-0.03439	0.00018	0.99941	
112	1.11000	2816.82886	1217.80221	996.01508	-0.01702	-1.95286	-90.29317	0.61112	-0.00511	-0.99999	0.00012	0.99941	-0.00511	0.03408	-0.03408	0.00030	0.99942	
113	1.12000	2816.78526	1217.77279	996.01449	-0.02600	-1.96509	-90.27147	0.61690	-0.00474	-0.99999	0.00029	0.99940	-0.00472	0.03429	-0.03429	0.00045	0.99941	
114	1.13000	2816.80436	1217.78566	996.04300	0.02518	-1.94329	-90.28815	0.58141	-0.00503	-0.99999	-0.00061	0.99941	-0.00504	0.03391	-0.03391	-0.00044	0.99942	
115	1.14000	2816.87152	1217.81437	996.08141	0.04907	-1.98184	-90.29399	0.59573	-0.00513	-0.99999	-0.00103	0.99939	-0.00516	0.03458	-0.03458	-0.00086	0.99940	
116	1.15000	2816.86592	1217.81329	996.10372	0.02207	-2.00829	-90.28493	0.59754	-0.00497	-0.99999	-0.00056	0.99937	-0.00499	0.03504	-0.03504	-0.00039	0.99939	
117	1.16000	2816.85675	1217.78777	996.11926	0.01063	-1.95398	-90.30810	0.59856	-0.00537	-0.99999	-0.00037	0.99940	-0.00538	0.03410	-0.03410	-0.00019	0.99942	
118	1.17000	2816.79717	1217.77976	996.07935	-0.01724	-1.96047	-90.30355	0.61601	-0.00529	-0.99999	0.00012	0.99940	-0.00529	0.03421	-0.03421	0.00030	0.99941	
119	1.18000	2816.87009	1217.80487	996.07915	-0.05311	-2.03775	-90.25411	0.54448	-0.00443	-0.99999	0.00077	0.99936	-0.00440	0.03556	-0.03556	0.00093	0.99937	
120	1.19000	2816.80209	1217.79277	996.02571	-0.01543	-1.96294	-90.27366	0.60362	-0.00477	-0.99999	0.00011	0.99940	-0.00477	0.03425	-0.03425	0.00027	0.99941	
121	1.20000	2816.86354	1217.82153	996.04023	0.00572	-2.00045	-90.29275	0.56650	-0.00511	-0.99999	-0.00028	0.99938	-0.00511	0.03491	-0.03491	-0.00010	0.99939	
122	1.21000	2816.89020	1217.80864	996.10595	0.04788	-1.97150	-90.29109	0.60925	-0.00508	-0.99999	-0.00101	0.99940	-0.00511	0.03440	-0.03440	-0.00084	0.99941	
123	1.22000	2816.85195	1217.78903	996.09455	0.01840	-1.96762	-90.28979	0.60193	-0.00505	-0.99999	-0.00049	0.99940	-0.00507	0.03433	-0.03433	-0.00032	0.99941	
124	1.23000	2816.81213	1217.78701	996.06666	0.01231	-1.98217	-90.29922	0.59401	-0.00522	-0.99999	-0.00040	0.99939	-0.00523	0.03459	-0.03459	-0.00021	0.99940	
125	1.24000	2816.77817	1217.77872	996.03549	0.00417	-1.97511	-90.28485	0.59043	-0.00497	-0.99999	-0.00024	0.99939	-0.00497	0.03446	-0.03447	-0.00007	0.99941	
126	1.25000	2816.80441	1217.78959	996.04866	-0.00194	-1.95758	-90.29602	0.60766	-0.00516	-0.99999	-0.00014	0.99940	-0.00517	0.03416	-0.03416	0.00003	0.99942	
127	1.26000	2816.86018	1217.81553	996.05024	-0.02367	-1.97884	-90.28522	0.59391	-0.00498	-0.99999	0.00024	0.99939	-0.00496	0.03453	-0.03453	0.00041	0.99940	
128	1.27000	2816.85927	1217.80272	996.04525	0.01526	-1.98858	-90.27196	0.57656	-0.00474	-0.99999	-0.00043	0.99939	-0.00476	0.03470	-0.03470	-0.00027	0.99940	
129	1.28000	2816.85944	1217.81380	996.05559	-0.02168	-1.95347	-90.27979	0.62987	-0.00488	-0.99999	0.00021	0.99941	-0.00487	0.03409	-0.03409	0.00038	0.99942	
130	1.29000	2816.84122	1217.78566	996.09174	0.02403	-1.96880	-90.31161	0.59820	-0.00544	-0.99999	-0.00061	0.99939	-0.00545	0.03435	-0.03436	-0.00042	0.99941	
131	1.30000	2816.77889	1217.77085	996.04287	-0.01635	-1.96985	-90.28136	0.57442	-0.00491	-0.99999	0.00012	0.99940	-0.00490	0.03437	-0.03437	0.00029	0.99941	
132	1.31000	2816.87742	1217.81943	996.07814	-0.01070	-1.97462	-90.28587	0.57795	-0.00499	-0.99999	0.00001	0.99939	-0.00498	0.03446	-0.03446	0.00019	0.99941	
133	1.32000	2816.88026	1217.82793	996.05015	-0.00157	-1.97192	-90.29671	0.58137	-0.00518	-0.99999	-0.00015	0.99939	-0.00518	0.03441	-0.03441	0.00003	0.99941	
134	1.33000	2816.87927	1217.80697	996.02651	-0.04177	-1.95561	-90.27284	0.60973	-0.00476	-0.99999	0.00057	0.99941	-0.00474	0.03413	-0.03413	0.00073	0.99942	
135	1.34000	2816.81358	1217.80346	996.03360	-0.00443	-1.97722	-90.27354	0.59943	-0.00477	-0.99999	-0.00009	0.99939	-0.00477	0.03450	-0.03450	0.00008	0.99940	
136	1.35000	2816.87672	1217.79582	996.14277	-0.00539	-2.02537	-90.26609	0.54704	-0.00464	-0.99999	-0.00007	0.99936	-0.00464	0.03534	-0.03534	0.00009	0.99938	
137	1.36000	2816.89454	1217.82668	996.08899	0.00602	-1.97069	-90.27646	0.61861	-0.00482	-0.99999	-0.00027	0.99940	-0.00483	0.03439	-0.03439	-0.00010	0.99941	
138	1.37000	2816.89127	1217.81757	996.11159	-0.02786	-1.98359	-90.27502	0.59386	-0.00480	-0.99999	0.00032	0.99939	-0.00478	0.03462	-0.03461	0.00049	0.99940	
139	1.38000	2816.88734	1217.81046	996.07877	-0.00780	-2.00542	-90.27544	0.61878	-0.00480	-0.99999	-0.00003	0.99938	-0.00480	0.03499	-0.03499	0.00014	0.99939	
140	1.39000	2816.83886	1217.81708	996.03353	0.04617	-1.99366	-90.27438	0.58816	-0.00479	-0.99999	-0.00097	0.99938	-0.00482	0.03478	-0.03479	-0.00081	0.99939	
141	1.40000	2816.82392	1217.80403	996.09639	-0.00029	-1.96293	-90.30169	0.62035	-0.00526	-0.99999	-0.00018	0.99940	-0.00527	0.03425	-0.03425	0.00001	0.99941	
142	1.41000	2816.84477	1217.78976	996.06897	0.00412	-2.04731	-90.27003	0.54983	-0.00471	-0.99999	-0.00024	0.99935	-0.00472	0.03572	-0.03572	-0.00007	0.99936	
143	1.42000	2816.85306	1217.80996	996.11571	0.01874	-1.98066	-90.31219	0.61481	-0.00545	-0.99999	-0.00052	0.99939	-0.00546	0.03456	-0.03456	-0.00033	0.99940	
144	1.43000	2816.88820	1217.80107	996.11818	0.02847	-1.97797	-90.30265	0.61797	-0.00528	-0.99999	-0.00068	0.99939	-0.00530	0.03451	-0.03452	-0.00050	0.99940	
145	1.44000	2816.89473	1217.82336	996.10140	0.01247	-1.96512	-90.31191	0.59267	-0.00544	-0.99999	-0.00040	0.99940	-0.00545	0.03429	-0.03429	-0.00022	0.99941	
146	1.45000	2816.85460	1217.81009	996.04143	-0.02994	-1.96250	-90.26671	0.58709	-0.00465	-0.99999	0.00036	0.99940	-0.00464	0.03425	-0.03425	0.00052	0.99941	
147	1.46000	2816.77630	1217.77166	996.02130	0.01191	-1.99100	-90.28470	0.57301	-0.00497	-0.99999	-0.00038	0.99938	-0.00498	0.03474	-0.03474	-0.00021	0.99940	
148	1.47000	2816.78144	1217.79292	996.03279	0.01247	-1.96183	-90.28750	0.65152	-0.00501	-0.99999	-0.00039	0.99940	-0.00503	0.03423	-0.03423	-0.00022	0.99941	
149	1.48000	2816.79552	1217.77994	996.08091	0.02255	-1.96085	-90.29894	0.62607	-0.00521	-0.99999	-0.00057	0.99940	-0.00523	0.03421	-0.03422	-0.00039	0.99941	
150	1.49000	2816.84706	1217.79699	996.10394	-0.00866	-1.98404	-90.29582	0.61293	-0.00516	-0.99999	-0.00003	0.99939	-0.00516	0.03462	-0.03462	0.00015	0.99940	
151	1.50000	2816.90838	1217.81697	996.14138	0.04794	-1.96941	-90.30109	0.61342	-0.00525	-0.99999	-0.00102	0.99940	-0.00528	0.03436	-0.03437	-0.00084	0.99941	
152	1.51000	2816.89230	1217.81929	996.05644	-0.02409	-1.98513	-90.28432	0.60764	-0.00496	-0.99999	0.00025	0.99939	-0.00495	0.03464	-0.03464	0.00042	0.99940	
153	1.52000	2816.83330	1217.79663	996.02389	-0.02240	-1.95193	-90.27156	0.59084	-0.00474	-0.99999	0.00023	0.99941	-0.00473	0.03406	-0.03406	0.00039	0.99942	
154	1.53000	2816.76129	1217.78551	996.02219	-0.03740	-1.96611	-90.27317	0.59684	-0.00476	-0.99999	0.00049	0.99940	-0.00475	0.03431	-0.03431	0.00065	0.99941	
155	1.54000	2816.78661	1217.75036	996.05633	0.03063	-1.98385	-90.30704	0.62992	-0.00536	-0.99999	-0.00072	0.99939	-0.00538	0.03461	-0.03462	-0.00053	0.99940	
156	1.55000	2816.83950	1217.82840	996.10306	-0.01573	-1.96898	-90.30393	0.59911	-0.00530	-0.99999	0.00009	0.99940	-0.00530	0.03436	-0.03436	0.00027	0.99941	
157	1.56000	2816.91065	1217.83798	996.12424	0.03432	-1.98134	-90.29668	0.60864	-0.00517	-0.99999	-0.00078	0.99939	-0.00520	0.03457	-0.03457	-0.00060	0.99940	
158	1.57000	2816.82632	1217.81148	996.07658	-0.02285	-2.00631	-90.29013	0.60782	-0.00506	-0.99999	0.00022	0.99937	-0.00505	0.03501	-0.03501	0.00040	0.99939	
159	1.58000	2816.89195	1217.80020	996.11205	-0.04310	-2.04670	-90.26217	0.58902	-0.00457	-0.99999	0.00059	0.99935	-0.00455	0.03572	-0.03571	0.00075	0.99936	
160	1.59000	2816.78324	1217.78006	996.01288	-0.00974	-1.96416	-90.28299	0.61671	-0.00494	-0.99999	0.00000	0.99940	-0.00493	0.03427	-0.03427	0.00017	0.99941	
161	1.60000	2816.78938	1217.79730	996.03859	-0.04005	-1.96010	-90.27422	0.58389	-0.00478	-0.99999	0.00054	0.99940	-0.00476	0.03421	-0.03420	0.00070	0.99941	
162	1.61000	2816.84624	1217.81441	996.07870	0.02221	-1.97022	-90.29887	0.59426	-0.00521	-0.99999	-0.00057	0.99940	-0.00523	0.03438	-0.03438	-0.00039	0.99941	
163	1.62000	2816.85873	1217.80579	996.08211	0.00436	-1.98132	-90.28800	0.61366	-0.00502	-0.99999	-0.00025	0.99939	-0.00503	0.03457	-0.03457	-0.00008	0.99940	
164	1.63000	2816.85596	1217.83200	996.09321	0.03162	-1.98237	-90.29913	0.61399	-0.00522	-0.99999	-0.00073	0.99939	-0.00524	0.03459	-0.03459	-0.00055	0.99940	
165	1.64000	2816.80494	1217.78294	996.04147	-0.01937	-1.97273	-90.30006	0.57931	-0.00523	-0.99999	0.00016	0.99939	-0.00523	0.03443	-0.03442	0.00034	0.99941	
166	1.65000	2816.78693	1217.77777	996.02912	0.01177	-1.97952	-90.29019	0.63198	-0.00506	-0.99999	-0.00038	0.99939	-0.00507	0.03454	-0.03454	-0.00021	0.99940	
167	1.66000	2816.80836	1217.78733	996.04891	-0.03536	-1.96693	-90.27754	0.60915	-0.00484	-0.99999	0.00045	0.99940	-0.00482	0.03433	-0.03432	0.00062	0.99941	
168	1.67000	2816.82818	1217.82322	996.01620	0.03083	-1.96309	-90.27840	0.60874	-0.00486	-0.99999	-0.00070	0.99940	-0.00488	0.03425	-0.03426	-0.00054	0.99941	
169	1.68000	2816.87360	1217.81190	996.10452	0.02795	-1.97269	-90.29668	0.58708	-0.00517	-0.99999	-0.00067	0.99939	-0.00519	0.03442	-0.03442	-0.00049	0.99941	
170	1.69000	2816.89562	1217.82989	996.10753	-0.01627	-1.98072	-90.30108	0.62524	-0.00525	-0.99999	0.00010	0.99939	-0.00524	0.03456	-0.03456	0.00028	0.99940	
171	1.70000	2816.82618	1217.80108	996.02502	-0.03399	-1.96999	-90.28526	0.58779	-0.00498	-0.99999	0.00042	0.99940	-0.00496	0.03438	-0.03438	0.00059	0.99941	
172	1.71000	2816.78766	1217.77770	996.05959	0.02570	-1.95187	-90.30860	0.64787	-0.00538	-0.99999	-0.00063	0.99941	-0.00540	0.03406	-0.03406	-0.00045	0.99942	
173	1.72000	2816.75539	1217.78096	996.02257	-0.01232	-1.94974	-90.29527	0.62098	-0.00515	-0.99999	0.00004	0.99941	-0.00515	0.03402	-0.03402	0.00021	0.99942	
174	1.73000	2816.79694	1217.80437	996.01958	-0.01802	-1.96871	-90.27677	0.58088	-0.00483	-0.99999	0.00015	0.99940	-0.00482	0.03435	-0.03435	0.00031	0.99941	
175	1.74000	2816.86400	1217.83106	996.06105	0.01971	-1.96689	-90.28801	0.62872	-0.00502	-0.99999	-0.00052	0.99940	-0.00504	0.03432	-0.03432	-0.00034	0.99941	
176	1.75000	2816.92641	1217.84135	996.12227	0.02100	-1.98258	-90.28802	0.60884	-0.00502	-0.99999	-0.00054	0.99939	-0.00504	0.03459	-0.03460	-0.00037	0.99940	
177	1.76000	2816.86352	1217.80583	996.10020	0.02885	-1.98321	-90.31467	0.60911	-0.00549	-0.99998	-0.00069	0.99939	-0.00551	0.03460	-0.03461	-0.00050	0.99940	
178	1.77000	2816.79806	1217.80058	996.02945	-0.02737	-1.97834	-90.29545	0.59381	-0.00515	-0.99999	0.00030	0.99939	-0.00514	0.03452	-0.03452	0.00048	0.99940	
179	1.78000	2816.79990	1217.79335	996.05639	-0.02128	-1.95606	-90.30654	0.59954	-0.00535	-0.99999	0.00019	0.99940	-0.00534	0.03413	-0.03413	0.00037	0.99942	
180	1.79000	2816.82265	1217.78866	996.02642	-0.01906	-1.99619	-90.27947	0.59251	-0.00487	-0.99999	0.00016	0.99938	-0.00487	0.03483	-0.03483	0.00033	0.99939	
181	1.80000	2816.78251	1217.78444	996.03827	0.00224	-1.98630	-90.28316	0.61314	-0.00494	-0.99999	-0.00021	0.99939	-0.00494	0.03466	-0.03466	-0.00004	0.99940	
182	1.81000	2816.82757	1217.80345	996.02482	0.03874	-1.95755	-90.30055	0.59921	-0.00524	-0.99999	-0.00086	0.99940	-0.00527	0.03416	-0.03416	-0.00068	0.99942	
183	1.82000	2816.86928	1217.81642	996.05161	-0.00019	-1.98005	-90.29173	0.64248	-0.00509	-0.99999	-0.00017	0.99939	-0.00509	0.03455	-0.03455	0.00000	0.99940	
184	1.83000	2816.88587	1217.83850	996.05495	-0.00615	-1.96295	-90.29394	0.61818	-0.00513	-0.99999	-0.00007	0.99940	-0.00513	0.03425	-0.03425	0.00011	0.99941	
185	1.84000	2816.86904	1217.82778	996.03566	-0.04199	-2.00083	-90.27875	0.60096	-0.00486	-0.99999	0.00056	0.99938	-0.00484	0.03492	-0.03491	0.00073	0.99939	
186	1.85000	2816.84753	1217.80789	996.04752	0.01992	-1.97876	-90.28449	0.57817	-0.00496	-0.99999	-0.00052	0.99939	-0.00498	0.03453	-0.03453	-0.00035	0.99940	
187	1.86000	2816.78194	1217.79963	996.03581	0.02820	-1.97161	-90.29526	0.60639	-0.00515	-0.99999	-0.00067	0.99939	-0.00517	0.03440	-0.03440	-0.00049	0.99941	
188	1.87000	2816.76025	1217.78977	996.02371	-0.01234	-1.97054	-90.29295	0.62057	-0.00511	-0.99999	0.00004	0.99940	-0.00511	0.03439	-0.03439	0.00022	0.99941	
189	1.88000	2816.83393	1217.79541	996.05528	-0.00571	-1.95487	-90.30598	0.61814	-0.00534	-0.99999	-0.00008	0.99940	-0.00534	0.03411	-0.03411	0.00010	0.99942	
190	1.89000	2816.84396	1217.82385	996.05087	-0.00960	-1.94250	-90.29391	0.62997	-0.00513	-0.99999	-0.00001	0.99941	-0.00512	0.03390	-0.03390	0.00017	0.99943	
191	1.90000	2816.91492	1217.83154	996.06406	0.02621	-1.98642	-90.29819	0.58856	-0.00520	-0.99999	-0.00064	0.99939	-0.00522	0.03466	-0.03466	-0.00046	0.99940	
192	1.91000	2816.88106	1217.82672	996.02948	0.01937	-1.99679	-90.28696	0.60278	-0.00501	-0.99999	-0.00051	0.99938	-0.00502	0.03484	-0.03484	-0.00034	0.99939	
193	1.92000	2816.85396	1217.81220	996.03251	-0.02045	-1.97508	-90.28664	0.59681	-0.00500	-0.99999	0.00018	0.99939	-0.00499	0.03447	-0.03446	0.00036	0.99941	
194	1.93000	2816.78149	1217.77726	995.98179	-0.02492	-1.95472	-90.27973	0.61786	-0.00488	-0.99999	0.00027	0.99941	-0.00487	0.03411	-0.03411	0.00043	0.99942	
195	1.94000	2816.76609	1217.76461	996.02487	0.02837	-1.98772	-90.30246	0.60293	-0.00528	-0.99999	-0.00068	0.99938	-0.00530	0.03468	-0.03469	-0.00049	0.99940	
196	1.95000	2816.83068	1217.80956	996.06820	-0.02064	-1.98328	-90.31419	0.60267	-0.00548	-0.99998	0.00017	0.99939	-0.00547	0.03461	-0.03461	0.00036	0.99940	
197	1.96000	2816.87151	1217.80929	996.05774	0.01330	-1.97651	-90.29525	0.62079	-0.00515	-0.99999	-0.00041	0.99939	-0.00516	0.03449	-0.03449	-0.00023	0.99941	
198	1.97000	2816.89245	1217.84659	996.01146	0.00876	-1.97133	-90.28909	0.57661	-0.00504	-0.99999	-0.00033	0.99940	-0.00505	0.03440	-0.03440	-0.00015	0.99941	
199	1.98000	2816.85741	1217.81439	996.01460	0.01389	-1.99354	-90.28316	0.61688	-0.00494	-0.99999	-0.00041	0.99938	-0.00495	0.03479	-0.03479	-0.00024	0.99939	
200	1.99000	2816.78551	1217.77846	995.99331	-0.00933	-1.97236	-90.28102	0.59997	-0.00490	-0.99999	-0.00001	0.99940	-0.00490	0.03442	-0.03442	0.00016	0.99941	
201	2.00000	2816.76226	1217.77330	996.01370	-0.02536	-2.00939	-90.28944	0.62831	-0.00505	-0.99999	0.00027	0.99937	-0.00504	0.03507	-0.03506	0.00044	0.99938	
202	2.01000	2816.76813	1217.78328	996.02715	0.02742	-1.99796	-90.29150	0.60459	-0.00508	-0.99999	-0.00066	0.99938	-0.00510	0.03486	-0.03486	-0.00048	0.99939	
203	2.02000	2816.83212	1217.81654	996.07128	0.00287	-1.99377	-90.29714	0.61408	-0.00518	-0.99999	-0.00023	0.99938	-0.00519	0.03479	-0.03479	-0.00005	0.99939	
204	2.03000	2816.84910	1217.79767	996.04961	-0.01061	-1.95592	-90.30226	0.60654	-0.00527	-0.99999	0.00001	0.99940	-0.00527	0.03413	-0.03413	0.00019	0.99942	
205	2.04000	2816.93301	1217.85432	996.03027	0.01076	-1.96437	-90.29431	0.59730	-0.00513	-0.99999	-0.00036	0.99940	-0.00514	0.03428	-0.03428	-0.00019	0.99941	
206	2.05000	2816.82545	1217.80400	996.00200	-0.02159	-1.97432	-90.28611	0.63389	-0.00499	-0.99999	0.00020	0.99939	-0.00498	0.03445	-0.03445	0.00038	0.99941	
207	2.06000	2816.82275	1217.80010	995.99919	0.00011	-1.96723	-90.28452	0.61727	-0.00496	-0.99999	-0.00017	0.99940	-0.00497	0.03433	-0.03433	-0.00000	0.99941	
208	2.07000	2816.77755	1217.77258	995.99801	0.02332	-1.97475	-90.28129	0.59797	-0.00491	-0.99999	-0.00058	0.99939	-0.00492	0.03446	-0.03446	-0.00041	0.99941	
209	2.08000	2816.80923	1217.80985	996.07212	-0.02044	-1.98011	-90.29103	0.63026	-0.00508	-0.99999	0.00018	0.99939	-0.00507	0.03455	-0.03455	0.00036	0.99940	
210	2.09000	2816.82025	1217.80971	996.10609	0.00646	-1.94901	-90.30528	0.58758	-0.00533	-0.99999	-0.00029	0.99941	-0.00533	0.03401	-0.03401	-0.00011	0.99942	
211	2.10000	2816.85476	1217.83678	996.05359	-0.02102	-1.98087	-90.31152	0.60210	-0.00543	-0.99999	0.00018	0.99939	-0.00542	0.03457	-0.03457	0.00037	0.99940	
212	2.11000	2816.82255	1217.79945	996.02989	-0.00126	-1.97847	-90.29802	0.60476	-0.00520	-0.99999	-0.00016	0.99939	-0.00520	0.03452	-0.03452	0.00002	0.99940	
213	2.12000	2816.81729	1217.78659	995.93193	0.01689	-1.97083	-90.29019	0.59565	-0.00506	-0.99999	-0.00047	0.99940	-0.00507	0.03439	-0.03439	-0.00029	0.99941	
214	2.13000	2816.79367	1217.77610	996.01551	-0.00355	-1.99473	-90.27566	0.60777	-0.00481	-0.99999	-0.00011	0.99938	-0.00481	0.03481	-0.03481	0.00006	0.99939	
215	2.14000	2816.80439	1217.80919	996.05115	0.00873	-1.97088	-90.29601	0.60866	-0.00516	-0.99999	-0.00033	0.99940	-0.00517	0.03439	-0.03439	-0.00015	0.99941	
216	2.15000	2816.81259	1217.81136	996.10236	0.00425	-1.97044	-90.29581	0.61725	-0.00516	-0.99999	-0.00025	0.99940	-0.00517	0.03438	-0.03438	-0.00007	0.99941	
217	2.16000	2816.87208	1217.84060	996.10358	0.03438	-1.97572	-90.30621	0.61487	-0.00534	-0.99999	-0.00078	0.99939	-0.00536	0.03447	-0.03448	-0.00060	0.99941	
218	2.17000	2816.86692	1217.81915	996.04234	-0.00489	-1.98956	-90.30376	0.60200	-0.00530	-0.99999	-0.00010	0.99938	-0.00530	0.03472	-0.03472	0.00009	0.99940	
219	2.18000	2816.89866	1217.85468	996.05939	-0.02925	-2.06815	-90.24868	0.54376	-0.00434	-0.99999	0.00035	0.99934	-0.00432	0.03609	-0.03609	0.00051	0.99935	
220	2.19000	2816.78533	1217.76823	995.99244	0.02358	-1.96511	-90.27902	0.59914	-0.00487	-0.99999	-0.00058	0.99940	-0.00488	0.03429	-0.03429	-0.00041	0.99941	
221	2.20000	2816.80223	1217.81693	995.99825	0.02901	-1.99937	-90.28259	0.61051	-0.00493	-0.99999	-0.00068	0.99938	-0.00495	0.03489	-0.03489	-0.00051	0.99939	
222	2.21000	2816.80949	1217.79407	996.04015	0.03633	-1.97547	-90.28478	0.58183	-0.00497	-0.99999	-0.00081	0.99939	-0.00499	0.03447	-0.03447	-0.00063	0.99941	
223	2.22000	2816.93769	1217.86660	996.15959	-0.04797	-2.05025	-90.25594	0.55461	-0.00446	-0.99999	0.00068	0.99935	-0.00444	0.03578	-0.03578	0.00084	0.99936	
224	2.23000	2816.89907	1217.84844	996.11735	0.02728	-1.96886	-90.30782	0.62112	-0.00537	-0.99999	-0.00066	0.99940	-0.00539	0.03435	-0.03436	-0.00048	0.99941	
225	2.24000	2816.90713	1217.85581	996.06764	-0.01120	-2.05731	-90.26915	0.53780	-0.00469	-0.99999	0.00003	0.99934	-0.00469	0.03590	-0.03590	0.00020	0.99936	
226	2.25000	2816.77477	1217.77914	996.00922	0.01039	-1.96114	-90.29878	0.61018	-0.00521	-0.99999	-0.00036	0.99940	-0.00522	0.03422	-0.03422	-0.00018	0.99941	
227	2.26000	2816.75954	1217.78874	995.97555	0.04490	-1.95095	-90.29885	0.61811	-0.00521	-0.99999	-0.00096	0.99941	-0.00524	0.03404	-0.03404	-0.00078	0.99942	
228	2.27000	2816.81338	1217.78155	996.03404	0.03374	-1.98004	-90.30184	0.62184	-0.00526	-0.99999	-0.00077	0.99939	-0.00529	0.03455	-0.03455	-0.00059	0.99940	
229	2.28000	2816.86239	1217.81573	996.08959	0.01231	-1.95300	-90.30398	0.61437	-0.00530	-0.99999	-0.00040	0.99941	-0.00531	0.03408	-0.03408	-0.00021	0.99942	
230	2.29000	2816.87575	1217.83419	996.06720	0.03312	-1.97597	-90.29879	0.61362	-0.00521	-0.99999	-0.00076	0.99939	-0.00523	0.03448	-0.03448	-0.00058	0.99941	
231	2.30000	2816.82682	1217.83130	996.05135	-0.01340	-1.97530	-90.28907	0.61489	-0.00504	-0.99999	0.00006	0.99939	-0.00504	0.03447	-0.03447	0.00023	0.99941	
232	2.31000	2816.82790	1217.80672	996.02282	-0.03581	-1.95743	-90.28791	0.58683	-0.00502	-0.99999	0.00045	0.99940	-0.00500	0.03416	-0.03416	0.00062	0.99942	
233	2.32000	2816.76393	1217.78104	995.97386	-0.03666	-1.96931	-90.26915	0.61523	-0.00469	-0.99999	0.00048	0.99940	-0.00468	0.03437	-0.03436	0.00064	0.99941	
234	2.33000	2816.74961	1217.77545	995.96877	0.01056	-1.95507	-90.29288	0.62780	-0.00511	-0.99999	-0.00036	0.99940	-0.00512	0.03411	-0.03412	-0.00018	0.99942	
235	2.34000	2816.80370	1217.79764	996.01464	0.02539	-1.95988	-90.29266	0.63146	-0.00510	-0.99999	-0.00062	0.99940	-0.00512	0.03420	-0.03420	-0.00044	0.99941	
236	2.35000	2816.80480	1217.80616	996.02589	0.01564	-1.96227	-90.30278	0.59350	-0.00528	-0.99999	-0.00045	0.99940	-0.00529	0.03424	-0.03424	-0.00027	0.99941	
237	2.36000	2816.84959	1217.81187	996.09896	-0.01244	-1.98975	-90.28864	0.58214	-0.00503	-0.99999	0.00004	0.99938	-0.00503	0.03472	-0.03472	0.00022	0.99940	
238	2.37000	2816.82847	1217.82439	996.07605	-0.04682	-2.00045	-90.28130	0.60476	-0.00491	-0.99999	0.00065	0.99938	-0.00488	0.03491	-0.03491	0.00082	0.99939	
239	2.38000	2816.80021	1217.80043	996.02923	-0.00156	-1.97352	-90.28103	0.63303	-0.00490	-0.99999	-0.00014	0.99939	-0.00490	0.03444	-0.03444	0.00003	0.99941	
240	2.39000	2816.73693	1217.78509	996.00966	-0.01799	-1.98021	-90.27489	0.58551	-0.00479	-0.99999	0.00015	0.99939	-0.00479	0.03456	-0.03455	0.00031	0.99940	
241	2.40000	2816.80740	1217.79292	996.01285	0.05253	-1.98096	-90.29682	0.61399	-0.00518	-0.99999	-0.00110	0.99939	-0.00521	0.03456	-0.03457	-0.00092	0.99940	
242	2.41000	2816.86334	1217.82232	996.07365	-0.00411	-1.97584	-90.29260	0.61452	-0.00510	-0.99999	-0.00010	0.99939	-0.00510	0.03448	-0.03448	0.00007	0.99941	
243	2.42000	2816.85269	1217.83276	996.08012	-0.00427	-1.95832	-90.29926	0.60013	-0.00522	-0.99999	-0.00010	0.99940	-0.00522	0.03417	-0.03417	0.00007	0.99942	
244	2.43000	2816.81958	1217.81111	996.06032	0.00191	-1.97314	-90.29344	0.60600	-0.00512	-0.99999	-0.00021	0.99939	-0.00512	0.03443	-0.03443	-0.00003	0.99941	
245	2.44000	2816.81672	1217.80520	996.00881	0.00253	-1.95867	-90.27646	0.58507	-0.00482	-0.99999	-0.00021	0.99940	-0.00483	0.03418	-0.03418	-0.00004	0.99942	
246	2.45000	2816.75672	1217.77987	995.96810	-0.01401	-1.98297	-90.27235	0.59697	-0.00475	-0.99999	0.00008	0.99939	-0.00475	0.03460	-0.03460	0.00024	0.99940	
247	2.46000	2816.79792	1217.79776	996.01332	-0.03463	-1.95017	-90.28579	0.61989	-0.00499	-0.99999	0.00043	0.99941	-0.00497	0.03403	-0.03403	0.00060	0.99942	
248	2.47000	2816.86690	1217.82759	996.08582	-0.02986	-2.04475	-90.26373	0.56083	-0.00460	-0.99999	0.00036	0.99935	-0.00458	0.03568	-0.03568	0.00052	0.99936	
249	2.48000	2816.83824	1217.82257	996.05383	-0.00028	-1.97179	-90.30782	0.61971	-0.00537	-0.99999	-0.00018	0.99939	-0.00537	0.03441	-0.03441	0.00000	0.99941	
250	2.49000	2816.87483	1217.83068	996.09367	0.03516	-1.95545	-90.31773	0.61070	-0.00554	-0.99998	-0.00080	0.99940	-0.00557	0.03412	-0.03412	-0.00061	0.99942	
251	2.50000	2816.82729	1217.82403	996.02878	-0.00801	-1.97180	-90.30449	0.59971	-0.00531	-0.99999	-0.00004	0.99939	-0.00531	0.03441	-0.03441	0.00014	0.99941	
252	2.51000	2816.79067	1217.78840	996.01736	-0.00200	-1.97784	-90.28728	0.59200	-0.00501	-0.99999	-0.00014	0.99939	-0.00501	0.03451	-0.03451	0.00003	0.99940	
253	2.52000	2816.77536	1217.79440	995.99682	-0.02547	-1.96882	-90.27161	0.59061	-0.00474	-0.99999	0.00028	0.99940	-0.00473	0.03436	-0.03436	0.00044	0.99941	
